0.000000000000000000e+00
3.489302699777209749e-01
3.561867351110121760e-01
3.710998746576928964e-01
3.943463050226055921e-01
4.268861677995467452e-01
4.699666690645988854e-01
5.251175688041105349e-01
5.941325433371783538e-01
6.790283341350362711e-01
7.819711929691786079e-01
9.051575779275480294e-01
1.050634104430150817e+00
1.220042128616835031e+00
1.414278224802625550e+00
1.633077941358160645e+00
1.874561252053354110e+00
2.134823582192815650e+00
2.407701652295888284e+00
-7.114655726716054840e-01
-4.641620018564093786e-01
-2.987736827383732363e-01
-1.892423587002967367e-01
-1.172614281900159067e-01
-7.027579818880835827e-02
-3.979936579760431220e-02
-2.015833395286027729e-02
-7.596751764577242341e-03
3.432127462971646574e-04
5.241088572539634276e-03
8.074077731199490529e-03
9.388062085620697134e-03
9.388062085620697134e-03
8.074077731199490529e-03
5.241088572539634276e-03
3.432127462971646574e-04
-7.596751764577242341e-03
-2.015833395286027729e-02
-3.979936579760431220e-02
-7.027579818880835827e-02
-1.172614281900159067e-01
-1.892423587002967367e-01
-2.987736827383732363e-01
-4.641620018564093786e-01
-7.114655726716054840e-01
2.407701652295888284e+00
2.134823582192815650e+00
1.874561252053354110e+00
1.633077941358160645e+00
1.414278224802625550e+00
1.220042128616835031e+00
1.050634104430150817e+00
9.051575779275480294e-01
7.819711929691786079e-01
6.790283341350362711e-01
5.941325433371783538e-01
5.251175688041105349e-01
4.699666690645988854e-01
4.268861677995467452e-01
3.943463050226055921e-01
3.710998746576928964e-01
3.561867351110121760e-01
3.489302699777209749e-01
0.000000000000000000e+00
