0.000000000000000000e+00
3.517267944014937919e-01
3.579794286390165503e-01
3.708313300604592078e-01
3.909125086419270034e-01
4.191614930713987164e-01
4.568533635941325333e-01
5.056262227736051384e-01
5.674995872201755720e-01
6.448753188016254079e-01
7.405076946235212842e-01
8.574237036012559710e-01
9.987676829259547473e-01
1.167537208645392344e+00
1.366173828517305289e+00
1.595982173852081853e+00
1.856390514134542036e+00
2.144153063385292768e+00
2.452726771216783952e+00
-6.627037041923029559e-01
-3.982536146647245312e-01
-2.365055409729396041e-01
-1.381274562604360434e-01
-7.857500270900140416e-02
-4.268247518273691338e-02
-2.114102411146675381e-02
-8.268572399711076812e-03
-6.159304569201873346e-04
3.896635340350557489e-03
6.509168257402654818e-03
7.942054483164810719e-03
8.582555910042526104e-03
8.582555910042526104e-03
7.942054483164810719e-03
6.509168257402654818e-03
3.896635340350557489e-03
-6.159304569201873346e-04
-8.268572399711076812e-03
-2.114102411146675381e-02
-4.268247518273691338e-02
-7.857500270900140416e-02
-1.381274562604360434e-01
-2.365055409729396041e-01
-3.982536146647245312e-01
-6.627037041923029559e-01
2.452726771216783952e+00
2.144153063385292768e+00
1.856390514134542036e+00
1.595982173852081853e+00
1.366173828517305289e+00
1.167537208645392344e+00
9.987676829259547473e-01
8.574237036012559710e-01
7.405076946235212842e-01
6.448753188016254079e-01
5.674995872201755720e-01
5.056262227736051384e-01
4.568533635941325333e-01
4.191614930713987164e-01
3.909125086419270034e-01
3.708313300604592078e-01
3.579794286390165503e-01
3.517267944014937919e-01
0.000000000000000000e+00
