0.000000000000000000e+00
4.837930864581342916e-01
4.896443227118145725e-01
5.015271759600847812e-01
5.198506490695319338e-01
5.452759987673908570e-01
5.787534119092183627e-01
6.215738425823698066e-01
6.754374670351547261e-01
7.425383486822402235e-01
8.256608249980461611e-01
9.282750464677161917e-01
1.054593794267001616e+00
1.209494627796684041e+00
1.398165981831761329e+00
1.625335517771083982e+00
1.893984545742086301e+00
2.203589977028978186e+00
2.548261266198136088e+00
-5.632644112929671154e-01
-2.978116892429523710e-01
-1.557560058061296382e-01
-7.977472123196426013e-02
-3.920459973459958919e-02
-1.758502046456197204e-02
-6.086927733110337850e-03
1.586291715671494596e-05
3.247242001664131083e-03
4.951093753217405274e-03
5.839388415497924305e-03
6.284147127814455544e-03
6.470213000985616802e-03
6.470213000985616802e-03
6.284147127814455544e-03
5.839388415497924305e-03
4.951093753217405274e-03
3.247242001664131083e-03
1.586291715671494596e-05
-6.086927733110337850e-03
-1.758502046456197204e-02
-3.920459973459958919e-02
-7.977472123196426013e-02
-1.557560058061296382e-01
-2.978116892429523710e-01
-5.632644112929671154e-01
2.548261266198136088e+00
2.203589977028978186e+00
1.893984545742086301e+00
1.625335517771083982e+00
1.398165981831761329e+00
1.209494627796684041e+00
1.054593794267001616e+00
9.282750464677161917e-01
8.256608249980461611e-01
7.425383486822402235e-01
6.754374670351547261e-01
6.215738425823698066e-01
5.787534119092183627e-01
5.452759987673908570e-01
5.198506490695319338e-01
5.015271759600847812e-01
4.896443227118145725e-01
4.837930864581342916e-01
0.000000000000000000e+00
