0.000000000000000000e+00
6.749936925521405895e-01
6.875848804064971231e-01
7.129640031919597387e-01
7.513167399993209150e-01
8.027703214043196978e-01
8.673344053473209803e-01
9.448326170871370611e-01
1.034828462026065043e+00
1.136550171587092040e+00
1.248818902318034052e+00
1.369983052072439200e+00
1.497857970643320602e+00
1.629665094934926284e+00
1.761944360107587704e+00
1.890435357326968990e+00
2.009909794238999403e+00
2.113861813930753453e+00
2.194122885321089456e+00
-9.547511012500461414e-01
-1.002429428127642019e+00
-9.969489545895358074e-01
-9.530884033623697738e-01
-8.811691019571343819e-01
-7.933997368312462051e-01
-6.944541330513631650e-01
-5.974493521584933742e-01
-5.071068740375451744e-01
-4.276993058552706617e-01
-3.630971873133130856e-01
-3.168507416700536705e-01
-2.922461557584606351e-01
-2.922461557584606351e-01
-3.168507416700536705e-01
-3.630971873133130856e-01
-4.276993058552706617e-01
-5.071068740375451744e-01
-5.974493521584933742e-01
-6.944541330513631650e-01
-7.933997368312462051e-01
-8.811691019571343819e-01
-9.530884033623697738e-01
-9.969489545895358074e-01
-1.002429428127642019e+00
-9.547511012500461414e-01
2.194122885321089456e+00
2.113861813930753453e+00
2.009909794238999403e+00
1.890435357326968990e+00
1.761944360107587704e+00
1.629665094934926284e+00
1.497857970643320602e+00
1.369983052072439200e+00
1.248818902318034052e+00
1.136550171587092040e+00
1.034828462026065043e+00
9.448326170871370611e-01
8.673344053473209803e-01
8.027703214043196978e-01
7.513167399993209150e-01
7.129640031919597387e-01
6.875848804064971231e-01
6.749936925521405895e-01
0.000000000000000000e+00
