0.000000000000000000e+00
3.824875614787481837e-01
3.883167572835172776e-01
4.002457172741439861e-01
4.188092072687734091e-01
4.448413413249932558e-01
4.795211077389949783e-01
5.244249180921927156e-01
5.815796447296670557e-01
6.535054385553793477e-01
7.432321547060514177e-01
8.542657999519175371e-01
9.904712240162443226e-01
1.155824217515617258e+00
1.353973264673258736e+00
1.587549294896613894e+00
1.857196289202726058e+00
2.160407771346555705e+00
2.490473397152689117e+00
-6.228707052161019941e-01
-3.537644673782000537e-01
-1.986831213971060328e-01
-1.095952045101947353e-01
-5.858443841291888221e-02
-2.947094460773906632e-02
-1.290850188021586478e-02
-3.517605277914421114e-03
1.786181643779961381e-03
4.762960468113542831e-03
6.408994735781471663e-03
7.276985457201943543e-03
7.654337833166885950e-03
7.654337833166885950e-03
7.276985457201943543e-03
6.408994735781471663e-03
4.762960468113542831e-03
1.786181643779961381e-03
-3.517605277914421114e-03
-1.290850188021586478e-02
-2.947094460773906632e-02
-5.858443841291888221e-02
-1.095952045101947353e-01
-1.986831213971060328e-01
-3.537644673782000537e-01
-6.228707052161019941e-01
2.490473397152689117e+00
2.160407771346555705e+00
1.857196289202726058e+00
1.587549294896613894e+00
1.353973264673258736e+00
1.155824217515617258e+00
9.904712240162443226e-01
8.542657999519175371e-01
7.432321547060514177e-01
6.535054385553793477e-01
5.815796447296670557e-01
5.244249180921927156e-01
4.795211077389949783e-01
4.448413413249932558e-01
4.188092072687734091e-01
4.002457172741439861e-01
3.883167572835172776e-01
3.824875614787481837e-01
0.000000000000000000e+00
