0.000000000000000000e+00
8.930045968240756249e-01
9.066813814315094477e-01
9.340161528194746987e-01
9.748304511204513023e-01
1.028739735464591298e+00
1.095104582983928321e+00
1.172983025274135338e+00
1.261086966059663528e+00
1.357743475417824808e+00
1.460858090122158393e+00
1.567872449243227884e+00
1.675702081122198317e+00
1.780634119245003921e+00
1.878157795991291845e+00
1.962696954853936582e+00
2.027208809744192486e+00
2.062619928166348870e+00
2.057083323750688919e+00
-1.111561306571414276e+00
-1.426658824876037235e+00
4.652526110230693845e+00
4.534880258063829217e+00
4.481513567131045761e+00
4.474861996018926646e+00
4.501168479299072267e+00
4.549453033343146657e+00
4.609946490628191285e+00
4.673111256576889971e+00
-1.553596323130760348e+00
-1.512056131621890342e+00
-1.490884050894363488e+00
-1.490884050894363488e+00
-1.512056131621890342e+00
-1.553596323130760348e+00
4.673111256576889971e+00
4.609946490628191285e+00
4.549453033343146657e+00
4.501168479299072267e+00
4.474861996018926646e+00
4.481513567131045761e+00
4.534880258063829217e+00
4.652526110230693845e+00
-1.426658824876037235e+00
-1.111561306571414276e+00
2.057083323750688919e+00
2.062619928166348870e+00
2.027208809744192486e+00
1.962696954853936582e+00
1.878157795991291845e+00
1.780634119245003921e+00
1.675702081122198317e+00
1.567872449243227884e+00
1.460858090122158393e+00
1.357743475417824808e+00
1.261086966059663528e+00
1.172983025274135338e+00
1.095104582983928321e+00
1.028739735464591298e+00
9.748304511204513023e-01
9.340161528194746987e-01
9.066813814315094477e-01
8.930045968240756249e-01
0.000000000000000000e+00
