0.000000000000000000e+00
4.047899453560210858e-01
4.139033439622005761e-01
4.325282993461238568e-01
4.612816409622721436e-01
5.009829058766338550e-01
5.526274510201899526e-01
6.173451118206406685e-01
6.963403714199279948e-01
7.908098268074282844e-01
9.018331406412493090e-01
1.030235003196951604e+00
1.176418326441238227e+00
1.340173347233935441e+00
1.520473636029532116e+00
1.715277566832689615e+00
1.921360700398127674e+00
2.134066798121255104e+00
2.347449371762678094e+00
-7.788067936743876540e-01
-5.808959510501200407e-01
-4.257626622487058476e-01
-3.065068422640553902e-01
-2.162918267200326650e-01
-1.489864068766934835e-01
-9.940514866049660059e-02
-6.333719480988679595e-02
-3.747459795714900427e-02
-1.930364364222795018e-02
-6.995204795941607420e-03
6.852420846390173351e-04
4.435670880540923226e-03
4.435670880540923226e-03
6.852420846390173351e-04
-6.995204795941607420e-03
-1.930364364222795018e-02
-3.747459795714900427e-02
-6.333719480988679595e-02
-9.940514866049660059e-02
-1.489864068766934835e-01
-2.162918267200326650e-01
-3.065068422640553902e-01
-4.257626622487058476e-01
-5.808959510501200407e-01
-7.788067936743876540e-01
2.347449371762678094e+00
2.134066798121255104e+00
1.921360700398127674e+00
1.715277566832689615e+00
1.520473636029532116e+00
1.340173347233935441e+00
1.176418326441238227e+00
1.030235003196951604e+00
9.018331406412493090e-01
7.908098268074282844e-01
6.963403714199279948e-01
6.173451118206406685e-01
5.526274510201899526e-01
5.009829058766338550e-01
4.612816409622721436e-01
4.325282993461238568e-01
4.139033439622005761e-01
4.047899453560210858e-01
0.000000000000000000e+00
