0.000000000000000000e+00
9.606216595578769279e-01
9.744419218583473263e-01
1.001994261319619550e+00
1.042993299860695444e+00
1.096912944177832916e+00
1.162943305775373304e+00
1.239951067602023782e+00
1.326444987680835075e+00
1.420545442752863874e+00
1.519952496303087264e+00
1.621901477965249416e+00
1.723088849441652082e+00
1.819545520610676093e+00
1.906429693577578410e+00
1.977709339767491858e+00
2.025706205036289731e+00
2.040489438966889502e+00
2.009146397565296560e+00
-1.165394710424066727e+00
-1.559444291866882715e+00
4.464298449914863909e+00
4.306360796790750456e+00
4.221068878378608780e+00
4.186479425667744891e+00
4.186405078131917534e+00
4.208511129969540576e+00
4.242727669463150164e+00
4.280344778499062031e+00
4.313916533911684503e+00
4.337889770851809601e+00
4.349544372788256119e+00
4.349544372788256119e+00
4.337889770851809601e+00
4.313916533911684503e+00
4.280344778499062031e+00
4.242727669463150164e+00
4.208511129969540576e+00
4.186405078131917534e+00
4.186479425667744891e+00
4.221068878378608780e+00
4.306360796790750456e+00
4.464298449914863909e+00
-1.559444291866882715e+00
-1.165394710424066727e+00
2.009146397565296560e+00
2.040489438966889502e+00
2.025706205036289731e+00
1.977709339767491858e+00
1.906429693577578410e+00
1.819545520610676093e+00
1.723088849441652082e+00
1.621901477965249416e+00
1.519952496303087264e+00
1.420545442752863874e+00
1.326444987680835075e+00
1.239951067602023782e+00
1.162943305775373304e+00
1.096912944177832916e+00
1.042993299860695444e+00
1.001994261319619550e+00
9.744419218583473263e-01
9.606216595578769279e-01
0.000000000000000000e+00
