0.000000000000000000e+00
1.033914280115347362e+00
1.047802677557008177e+00
1.075416355568734605e+00
1.116359048698444267e+00
1.169961756956115151e+00
1.235246384275409781e+00
1.310894693238899622e+00
1.395222624065787231e+00
1.486156454897292312e+00
1.581202376421481093e+00
1.677395479867697103e+00
1.771208576831309944e+00
1.858396773663839596e+00
1.933751179535892595e+00
1.990737369691451653e+00
2.021005321345048067e+00
2.013788347845772542e+00
1.955272911530767654e+00
-1.225005558722901844e+00
4.590273188042664820e+00
4.284420791600025424e+00
4.095507537662469666e+00
3.986592719312693767e+00
3.931028191626828150e+00
3.910161510018626441e+00
3.910724227633606276e+00
3.922913094312984850e+00
3.939311335289383376e+00
3.954520739916598693e+00
3.965210413358332353e+00
3.970190654469051061e+00
3.970190654469051061e+00
3.965210413358332353e+00
3.954520739916598693e+00
3.939311335289383376e+00
3.922913094312984850e+00
3.910724227633606276e+00
3.910161510018626441e+00
3.931028191626828150e+00
3.986592719312693767e+00
4.095507537662469666e+00
4.284420791600025424e+00
4.590273188042664820e+00
-1.225005558722901844e+00
1.955272911530767654e+00
2.013788347845772542e+00
2.021005321345048067e+00
1.990737369691451653e+00
1.933751179535892595e+00
1.858396773663839596e+00
1.771208576831309944e+00
1.677395479867697103e+00
1.581202376421481093e+00
1.486156454897292312e+00
1.395222624065787231e+00
1.310894693238899622e+00
1.235246384275409781e+00
1.169961756956115151e+00
1.116359048698444267e+00
1.075416355568734605e+00
1.047802677557008177e+00
1.033914280115347362e+00
0.000000000000000000e+00
