0.000000000000000000e+00
3.509609280885310767e-01
3.583528919269042268e-01
3.735397596141489251e-01
3.971981615162345491e-01
4.302835856898926115e-01
4.740313060627288633e-01
5.299486227870641164e-01
5.997924197055302109e-01
6.855241542266032884e-01
7.892322090782336597e-01
9.130093411849939944e-01
1.058771550315029009e+00
1.228005741390511663e+00
1.421440034259286334e+00
1.638646632053176511e+00
1.877616439195529008e+00
2.134385540786562174e+00
2.402831892171197747e+00
-7.168275378052287872e-01
-4.723328866274631999e-01
-3.069990801344621989e-01
-1.963442875108763197e-01
-1.228875740789297510e-01
-7.447015755905744827e-02
-4.276853951485834471e-02
-2.215169873428642078e-02
-8.850817596195983614e-03
-3.744691073823843926e-04
4.893006930450845803e-03
7.958405054599724041e-03
9.386151702045269704e-03
9.386151702045269704e-03
7.958405054599724041e-03
4.893006930450845803e-03
-3.744691073823843926e-04
-8.850817596195983614e-03
-2.215169873428642078e-02
-4.276853951485834471e-02
-7.447015755905744827e-02
-1.228875740789297510e-01
-1.963442875108763197e-01
-3.069990801344621989e-01
-4.723328866274631999e-01
-7.168275378052287872e-01
2.402831892171197747e+00
2.134385540786562174e+00
1.877616439195529008e+00
1.638646632053176511e+00
1.421440034259286334e+00
1.228005741390511663e+00
1.058771550315029009e+00
9.130093411849939944e-01
7.892322090782336597e-01
6.855241542266032884e-01
5.997924197055302109e-01
5.299486227870641164e-01
4.740313060627288633e-01
4.302835856898926115e-01
3.971981615162345491e-01
3.735397596141489251e-01
3.583528919269042268e-01
3.509609280885310767e-01
0.000000000000000000e+00
