0.000000000000000000e+00
6.530534663739154810e-01
6.654726972064985979e-01
6.905279851374922506e-01
7.284421445739353018e-01
7.793975474900370903e-01
8.434772124662891502e-01
9.205954098616424552e-01
1.010421164581104314e+00
1.112299135684227336e+00
1.225172617707644518e+00
1.347512268711418715e+00
1.477251216105478271e+00
1.611722372698104921e+00
1.747587500581664344e+00
1.880713137585132255e+00
2.006012214790495296e+00
2.117222862463081334e+00
2.206455713072164482e+00
-9.405715646651376938e-01
-9.636274695197127871e-01
-9.398427449258588418e-01
-8.813744379402572715e-01
-8.019019097249142636e-01
-7.071492688797044179e-01
-6.108382338262348110e-01
-5.179637588291710060e-01
-4.327778205655825605e-01
-3.588871450638404514e-01
-2.994087733400038753e-01
-2.571501789328898280e-01
-2.347581626038592884e-01
-2.347581626038592884e-01
-2.571501789328898280e-01
-2.994087733400038753e-01
-3.588871450638404514e-01
-4.327778205655825605e-01
-5.179637588291710060e-01
-6.108382338262348110e-01
-7.071492688797044179e-01
-8.019019097249142636e-01
-8.813744379402572715e-01
-9.398427449258588418e-01
-9.636274695197127871e-01
-9.405715646651376938e-01
2.206455713072164482e+00
2.117222862463081334e+00
2.006012214790495296e+00
1.880713137585132255e+00
1.747587500581664344e+00
1.611722372698104921e+00
1.477251216105478271e+00
1.347512268711418715e+00
1.225172617707644518e+00
1.112299135684227336e+00
1.010421164581104314e+00
9.205954098616424552e-01
8.434772124662891502e-01
7.793975474900370903e-01
7.284421445739353018e-01
6.905279851374922506e-01
6.654726972064985979e-01
6.530534663739154810e-01
0.000000000000000000e+00
