0.000000000000000000e+00
8.018288831414230877e-01
8.151769510476375435e-01
8.419468892152180972e-01
8.821100318479192515e-01
9.354864972353141850e-01
1.001689980120185952e+00
1.080069801611312164e+00
1.169654323880076285e+00
1.269098613604399794e+00
1.376636715996857996e+00
1.490035322699288844e+00
1.606539003978449509e+00
1.722792042640703292e+00
1.834717048271688800e+00
1.937316727748310763e+00
2.024368611467611601e+00
2.087963092022123046e+00
2.117858604043888704e+00
-1.042416161320599555e+00
-1.243145019098718551e+00
-1.359549121211848677e+00
-1.409352028852634886e+00
-1.408394493144991655e+00
-1.369453449448378102e+00
-1.303684363675732483e+00
-1.220030231653987718e+00
-1.128365264373268451e+00
-1.038441772653636352e+00
-9.574991043477732999e-01
-8.964690926589580222e-01
-8.639270328970928281e-01
-8.639270328970928281e-01
-8.964690926589580222e-01
-9.574991043477732999e-01
-1.038441772653636352e+00
-1.128365264373268451e+00
-1.220030231653987718e+00
-1.303684363675732483e+00
-1.369453449448378102e+00
-1.408394493144991655e+00
-1.409352028852634886e+00
-1.359549121211848677e+00
-1.243145019098718551e+00
-1.042416161320599555e+00
2.117858604043888704e+00
2.087963092022123046e+00
2.024368611467611601e+00
1.937316727748310763e+00
1.834717048271688800e+00
1.722792042640703292e+00
1.606539003978449509e+00
1.490035322699288844e+00
1.376636715996857996e+00
1.269098613604399794e+00
1.169654323880076285e+00
1.080069801611312164e+00
1.001689980120185952e+00
9.354864972353141850e-01
8.821100318479192515e-01
8.419468892152180972e-01
8.151769510476375435e-01
8.018288831414230877e-01
0.000000000000000000e+00
