0.000000000000000000e+00
1.287836529738319635e+00
1.301348606676053121e+00
1.327963439947209334e+00
1.366951539621913403e+00
1.417240026950695508e+00
1.477398497091246377e+00
1.545630909754291293e+00
1.619766702598028463e+00
1.697240033579116458e+00
1.775042060520914067e+00
1.849628516329271832e+00
1.916764799491747606e+00
1.971294998694975931e+00
2.006831826281113784e+00
2.015384017737388511e+00
1.986969787079081451e+00
1.909314885824505481e+00
1.767814319042062321e+00
-1.425406610427395027e+00
4.248623406911925748e+00
3.878359167324337609e+00
3.656917457351554823e+00
3.526051099606984707e+00
3.449758945320112069e+00
3.406079977152701055e+00
3.381653724905007152e+00
3.368365064882946847e+00
3.361327837476333347e+00
3.357675717252560421e+00
3.355825166607424581e+00
3.355014760585399269e+00
3.355014760585399269e+00
3.355825166607424581e+00
3.357675717252560421e+00
3.361327837476333347e+00
3.368365064882946847e+00
3.381653724905007152e+00
3.406079977152701055e+00
3.449758945320112069e+00
3.526051099606984707e+00
3.656917457351554823e+00
3.878359167324337609e+00
4.248623406911925748e+00
-1.425406610427395027e+00
1.767814319042062321e+00
1.909314885824505481e+00
1.986969787079081451e+00
2.015384017737388511e+00
2.006831826281113784e+00
1.971294998694975931e+00
1.916764799491747606e+00
1.849628516329271832e+00
1.775042060520914067e+00
1.697240033579116458e+00
1.619766702598028463e+00
1.545630909754291293e+00
1.477398497091246377e+00
1.417240026950695508e+00
1.366951539621913403e+00
1.327963439947209334e+00
1.301348606676053121e+00
1.287836529738319635e+00
0.000000000000000000e+00
