0.000000000000000000e+00
3.615603259378527556e-01
3.675865630890310931e-01
3.799554575830708658e-01
3.992613155695141636e-01
4.264069933564293979e-01
4.626402294848562802e-01
5.095913472720342563e-01
5.693056777457187190e-01
6.442608501943900556e-01
7.373546140629436696e-01
8.518425445905916105e-01
9.911965031010272487e-01
1.158844835783851224e+00
1.357747859082068187e+00
1.589767570465349777e+00
1.854829195463339575e+00
2.149971571389642566e+00
2.468552012122676498e+00
-6.458982237875440235e-01
-3.786109086491173392e-01
-2.193874102512932966e-01
-1.249627383365428945e-01
-6.919147876381616380e-02
-3.637658301585278142e-02
-1.714107829574093925e-02
-5.909021462852061778e-03
6.197444601763382049e-04
4.387210895779892865e-03
6.525106833312761812e-03
7.677831236297901797e-03
8.186947693823368524e-03
8.186947693823368524e-03
7.677831236297901797e-03
6.525106833312761812e-03
4.387210895779892865e-03
6.197444601763382049e-04
-5.909021462852061778e-03
-1.714107829574093925e-02
-3.637658301585278142e-02
-6.919147876381616380e-02
-1.249627383365428945e-01
-2.193874102512932966e-01
-3.786109086491173392e-01
-6.458982237875440235e-01
2.468552012122676498e+00
2.149971571389642566e+00
1.854829195463339575e+00
1.589767570465349777e+00
1.357747859082068187e+00
1.158844835783851224e+00
9.911965031010272487e-01
8.518425445905916105e-01
7.373546140629436696e-01
6.442608501943900556e-01
5.693056777457187190e-01
5.095913472720342563e-01
4.626402294848562802e-01
4.264069933564293979e-01
3.992613155695141636e-01
3.799554575830708658e-01
3.675865630890310931e-01
3.615603259378527556e-01
0.000000000000000000e+00
