0.000000000000000000e+00
4.127534933680443441e-01
4.220410704820741765e-01
4.410107976770264449e-01
4.702684587346510625e-01
5.106131661010619993e-01
5.630080466963653940e-01
6.285361348331458542e-01
7.083377332649796188e-01
8.035255008336402716e-01
9.150741410851951363e-01
1.043683114462880868e+00
1.189613617185942163e+00
1.352505404605698569e+00
1.531184785792547354e+00
1.723481469591693127e+00
1.926006767494253147e+00
2.134105998776353985e+00
2.341870066806091000e+00
-7.851136773231757182e-01
-5.932178269355086186e-01
-4.402157426856853628e-01
-3.207506070145864085e-01
-2.290696531481724585e-01
-1.597527020624548155e-01
-1.080512274641927534e-01
-7.000297203812735902e-02
-4.242704517479450876e-02
-2.286422579958219056e-02
-9.502017529494389061e-03
-1.108762857841905482e-03
3.007857139519793353e-03
3.007857139519793353e-03
-1.108762857841905482e-03
-9.502017529494389061e-03
-2.286422579958219056e-02
-4.242704517479450876e-02
-7.000297203812735902e-02
-1.080512274641927534e-01
-1.597527020624548155e-01
-2.290696531481724585e-01
-3.207506070145864085e-01
-4.402157426856853628e-01
-5.932178269355086186e-01
-7.851136773231757182e-01
2.341870066806091000e+00
2.134105998776353985e+00
1.926006767494253147e+00
1.723481469591693127e+00
1.531184785792547354e+00
1.352505404605698569e+00
1.189613617185942163e+00
1.043683114462880868e+00
9.150741410851951363e-01
8.035255008336402716e-01
7.083377332649796188e-01
6.285361348331458542e-01
5.630080466963653940e-01
5.106131661010619993e-01
4.702684587346510625e-01
4.410107976770264449e-01
4.220410704820741765e-01
4.127534933680443441e-01
0.000000000000000000e+00
