0.000000000000000000e+00
4.730595919979406205e-01
4.834367157992869868e-01
5.045510029972801735e-01
5.369189935870299912e-01
5.811844843190261400e-01
6.380755384477251324e-01
7.083457884001148619e-01
7.926985105439935397e-01
8.916929053136520844e-01
1.005632460712637677e+00
1.134438113143182658e+00
1.277512684267580134e+00
1.433605714997148617e+00
1.600661710482089051e+00
1.775703591254077507e+00
1.954759419264338494e+00
2.132816033359697716e+00
2.303775236995755371e+00
-8.286688510316164713e-01
-6.819009472291915896e-01
-5.487062589501249255e-01
-4.321992562073851407e-01
-3.332319211790874536e-01
-2.511973729971264113e-01
-1.846526448412839638e-01
-1.317772946288232883e-01
-9.069623347564061133e-02
-5.969959295338145289e-02
-3.739159826911930828e-02
-2.279636597868775483e-02
-1.544269416226820915e-02
-1.544269416226820915e-02
-2.279636597868775483e-02
-3.739159826911930828e-02
-5.969959295338145289e-02
-9.069623347564061133e-02
-1.317772946288232883e-01
-1.846526448412839638e-01
-2.511973729971264113e-01
-3.332319211790874536e-01
-4.321992562073851407e-01
-5.487062589501249255e-01
-6.819009472291915896e-01
-8.286688510316164713e-01
2.303775236995755371e+00
2.132816033359697716e+00
1.954759419264338494e+00
1.775703591254077507e+00
1.600661710482089051e+00
1.433605714997148617e+00
1.277512684267580134e+00
1.134438113143182658e+00
1.005632460712637677e+00
8.916929053136520844e-01
7.926985105439935397e-01
7.083457884001148619e-01
6.380755384477251324e-01
5.811844843190261400e-01
5.369189935870299912e-01
5.045510029972801735e-01
4.834367157992869868e-01
4.730595919979406205e-01
0.000000000000000000e+00
