0.000000000000000000e+00
5.421541629369779347e-01
5.534728932430880155e-01
5.764207782536285851e-01
6.114048504798426098e-01
6.588907387171396568e-01
7.193502992332601043e-01
7.931944753421473759e-01
8.806920701940945673e-01
9.818757998495112327e-01
1.096438787632088019e+00
1.223627175653994703e+00
1.362135955257883779e+00
1.510014060420016735e+00
1.664580919777826740e+00
1.822350549692522081e+00
1.978951782474437593e+00
2.129025169930806705e+00
2.266068744722709916e+00
-8.717125656576368842e-01
-7.808940912546595836e-01
-6.795726771532918375e-01
-5.763497278783744626e-01
-4.772215161945058681e-01
-3.860879864424288654e-01
-3.052264222295141827e-01
-2.357318200739889069e-01
-1.779178944400564288e-01
-1.316716650723123438e-01
-9.675829380581651984e-02
-7.307677028472345238e-02
-6.086750926244964555e-02
-6.086750926244964555e-02
-7.307677028472345238e-02
-9.675829380581651984e-02
-1.316716650723123438e-01
-1.779178944400564288e-01
-2.357318200739889069e-01
-3.052264222295141827e-01
-3.860879864424288654e-01
-4.772215161945058681e-01
-5.763497278783744626e-01
-6.795726771532918375e-01
-7.808940912546595836e-01
-8.717125656576368842e-01
2.266068744722709916e+00
2.129025169930806705e+00
1.978951782474437593e+00
1.822350549692522081e+00
1.664580919777826740e+00
1.510014060420016735e+00
1.362135955257883779e+00
1.223627175653994703e+00
1.096438787632088019e+00
9.818757998495112327e-01
8.806920701940945673e-01
7.931944753421473759e-01
7.193502992332601043e-01
6.588907387171396568e-01
6.114048504798426098e-01
5.764207782536285851e-01
5.534728932430880155e-01
5.421541629369779347e-01
0.000000000000000000e+00
