0.000000000000000000e+00
1.154611549403029791e+00
1.168432157342872424e+00
1.195789618103403118e+00
1.236118517600824473e+00
1.288539789249089074e+00
1.351835589604234222e+00
1.424430936636858602e+00
1.504378909163952116e+00
1.589341893568706698e+00
1.676556407156582829e+00
1.762764239605497441e+00
1.844089092069375102e+00
1.915836862996635359e+00
1.972201451540940731e+00
2.005869964470776701e+00
2.007547459676893631e+00
1.965469574214651516e+00
1.865052653713874964e+00
-1.322695574309759037e+00
4.404430939247517607e+00
4.052765604942328181e+00
3.837712266034017716e+00
3.710197346101424376e+00
3.637691420100281459e+00
3.599129886106660070e+00
3.580863423817548519e+00
3.573992504164638984e+00
3.572760408202652727e+00
3.573616533808760209e+00
3.574635968390337482e+00
3.575092100748998192e+00
3.575092100748998192e+00
3.574635968390337482e+00
3.573616533808760209e+00
3.572760408202652727e+00
3.573992504164638984e+00
3.580863423817548519e+00
3.599129886106660070e+00
3.637691420100281459e+00
3.710197346101424376e+00
3.837712266034017716e+00
4.052765604942328181e+00
4.404430939247517607e+00
-1.322695574309759037e+00
1.865052653713874964e+00
1.965469574214651516e+00
2.007547459676893631e+00
2.005869964470776701e+00
1.972201451540940731e+00
1.915836862996635359e+00
1.844089092069375102e+00
1.762764239605497441e+00
1.676556407156582829e+00
1.589341893568706698e+00
1.504378909163952116e+00
1.424430936636858602e+00
1.351835589604234222e+00
1.288539789249089074e+00
1.236118517600824473e+00
1.195789618103403118e+00
1.168432157342872424e+00
1.154611549403029791e+00
0.000000000000000000e+00
