0.000000000000000000e+00
3.477442165076227720e-01
3.541814250028517130e-01
3.674192644748435210e-01
3.881058770188963725e-01
4.171952597656089501e-01
4.559697019732238399e-01
5.060590342914614848e-01
5.694502550292300791e-01
6.484784097672341430e-01
7.457858910299980382e-01
8.642324017164653149e-01
1.006731938154659334e+00
1.175987765936067131e+00
1.374095578460113876e+00
1.601997382538200565e+00
1.858807648048825145e+00
2.141111587342858780e+00
2.442445312585387995e+00
-6.737111925492109687e-01
-4.119045541383251630e-01
-2.487945699398091126e-01
-1.478246727915016878e-01
-8.565013711131656826e-02
-4.754742471825736116e-02
-2.430365494003049187e-02
-1.019088226326383788e-02
-1.669919757125898612e-03
3.429698234007313648e-03
6.422695863475515014e-03
8.083333553193105744e-03
8.831668858488074883e-03
8.831668858488074883e-03
8.083333553193105744e-03
6.422695863475515014e-03
3.429698234007313648e-03
-1.669919757125898612e-03
-1.019088226326383788e-02
-2.430365494003049187e-02
-4.754742471825736116e-02
-8.565013711131656826e-02
-1.478246727915016878e-01
-2.487945699398091126e-01
-4.119045541383251630e-01
-6.737111925492109687e-01
2.442445312585387995e+00
2.141111587342858780e+00
1.858807648048825145e+00
1.601997382538200565e+00
1.374095578460113876e+00
1.175987765936067131e+00
1.006731938154659334e+00
8.642324017164653149e-01
7.457858910299980382e-01
6.484784097672341430e-01
5.694502550292300791e-01
5.060590342914614848e-01
4.559697019732238399e-01
4.171952597656089501e-01
3.881058770188963725e-01
3.674192644748435210e-01
3.541814250028517130e-01
3.477442165076227720e-01
0.000000000000000000e+00
