0.000000000000000000e+00
2.111171311227407088e+00
2.118785142693891288e+00
2.133204482412961234e+00
2.153304908463898659e+00
2.177638958152908977e+00
2.204424247086556043e+00
2.231518974332691307e+00
2.256376858312779898e+00
2.275974164000054145e+00
2.286702844125655609e+00
2.284225947505248655e+00
2.263294973614024208e+00
2.217535806106218477e+00
2.139225179384358633e+00
2.019113842643579737e+00
1.846425600511846010e+00
1.609303984843244884e+00
1.296213224464055402e+00
4.378332085460761469e+00
3.796371153388911512e+00
3.493138481011571539e+00
3.332917845827743086e+00
3.247800024246008999e+00
3.202417644978631905e+00
3.178146416835292420e+00
3.165131536715707572e+00
3.158142369248007064e+00
3.154397079782967683e+00
3.152416734973661150e+00
3.151421217168427269e+00
3.151012445084674596e+00
3.151012445084674596e+00
3.151421217168427269e+00
3.152416734973661150e+00
3.154397079782967683e+00
3.158142369248007064e+00
3.165131536715707572e+00
3.178146416835292420e+00
3.202417644978631905e+00
3.247800024246008999e+00
3.332917845827743086e+00
3.493138481011571539e+00
3.796371153388911512e+00
4.378332085460761469e+00
1.296213224464055402e+00
1.609303984843244884e+00
1.846425600511846010e+00
2.019113842643579737e+00
2.139225179384358633e+00
2.217535806106218477e+00
2.263294973614024208e+00
2.284225947505248655e+00
2.286702844125655609e+00
2.275974164000054145e+00
2.256376858312779898e+00
2.231518974332691307e+00
2.204424247086556043e+00
2.177638958152908977e+00
2.153304908463898659e+00
2.133204482412961234e+00
2.118785142693891288e+00
2.111171311227407088e+00
0.000000000000000000e+00
