0.000000000000000000e+00
4.567962997521843871e-01
4.625908075832091404e-01
4.743730211742752667e-01
4.925697006725168747e-01
5.178683115408242443e-01
5.512578593291387330e-01
5.940853477100951352e-01
6.481289545477143532e-01
7.156868398515399132e-01
7.996733100667107186e-01
9.036945632521437011e-01
1.032048271447280285e+00
1.189565791066270251e+00
1.381197343020353463e+00
1.611233036813829234e+00
1.882079648443374831e+00
2.192637826922132049e+00
2.536633086545861282e+00
-5.751580918082351834e-01
-3.082146581444487055e-01
-1.633669947367417663e-01
-8.485034521914312788e-02
-4.237681008700233676e-02
-1.945361362271000663e-02
-7.110744057231762304e-03
-4.807527426722044768e-04
3.070527886432579661e-03
4.963928328542593568e-03
5.961465163513058121e-03
6.465697131751962055e-03
6.678246436361967055e-03
6.678246436361967055e-03
6.465697131751962055e-03
5.961465163513058121e-03
4.963928328542593568e-03
3.070527886432579661e-03
-4.807527426722044768e-04
-7.110744057231762304e-03
-1.945361362271000663e-02
-4.237681008700233676e-02
-8.485034521914312788e-02
-1.633669947367417663e-01
-3.082146581444487055e-01
-5.751580918082351834e-01
2.536633086545861282e+00
2.192637826922132049e+00
1.882079648443374831e+00
1.611233036813829234e+00
1.381197343020353463e+00
1.189565791066270251e+00
1.032048271447280285e+00
9.036945632521437011e-01
7.996733100667107186e-01
7.156868398515399132e-01
6.481289545477143532e-01
5.940853477100951352e-01
5.512578593291387330e-01
5.178683115408242443e-01
4.925697006725168747e-01
4.743730211742752667e-01
4.625908075832091404e-01
4.567962997521843871e-01
0.000000000000000000e+00
