0.000000000000000000e+00
3.457243080223004750e-01
3.523700431277540512e-01
3.660388389824011934e-01
3.873923524295282972e-01
4.173936510308112746e-01
4.573241274985139215e-01
5.087957446102705505e-01
5.737522553894576216e-01
6.544505278941470383e-01
7.534097279791284185e-01
8.733118243409886405e-01
1.016832116598276770e+00
1.186374880438103130e+00
1.383690743058642703e+00
1.609366590431505317e+00
1.862216427633731852e+00
2.138670629289924463e+00
2.432350009831428572e+00
-6.845912415569376241e-01
-4.260641894094115423e-01
-2.618803705272059190e-01
-1.583688360442225829e-01
-9.349106825785656605e-02
-5.304083829129697253e-02
-2.794667991582533428e-02
-1.245858461467832558e-02
-2.957419806555560381e-03
2.815675135970592980e-03
6.251371583679489648e-03
8.180072833134760871e-03
9.056322545924576708e-03
9.056322545924576708e-03
8.180072833134760871e-03
6.251371583679489648e-03
2.815675135970592980e-03
-2.957419806555560381e-03
-1.245858461467832558e-02
-2.794667991582533428e-02
-5.304083829129697253e-02
-9.349106825785656605e-02
-1.583688360442225829e-01
-2.618803705272059190e-01
-4.260641894094115423e-01
-6.845912415569376241e-01
2.432350009831428572e+00
2.138670629289924463e+00
1.862216427633731852e+00
1.609366590431505317e+00
1.383690743058642703e+00
1.186374880438103130e+00
1.016832116598276770e+00
8.733118243409886405e-01
7.534097279791284185e-01
6.544505278941470383e-01
5.737522553894576216e-01
5.087957446102705505e-01
4.573241274985139215e-01
4.173936510308112746e-01
3.873923524295282972e-01
3.660388389824011934e-01
3.523700431277540512e-01
3.457243080223004750e-01
0.000000000000000000e+00
