0.000000000000000000e+00
1.482563983592519508e+00
1.495239477653061533e+00
1.520020263209986622e+00
1.555985384299840346e+00
1.601850805275084166e+00
1.655965880933359946e+00
1.716311576602478572e+00
1.780489887299983254e+00
1.845691102953624263e+00
1.908624384749321612e+00
1.965398447040232810e+00
2.011343750485465431e+00
2.040776134631863581e+00
2.046714913803967306e+00
2.020587611368030778e+00
1.951983251285925425e+00
1.828568628319084066e+00
1.636382942205035107e+00
-1.561230580795108125e+00
4.088385113264633830e+00
3.721262268661613692e+00
3.508748583320414838e+00
3.385810747382163921e+00
3.314752325186795634e+00
3.273745272202440937e+00
3.250141826457033201e+00
3.236609630761158041e+00
3.228905990286439653e+00
3.224595752568926610e+00
3.222311810031661228e+00
3.221329964180050798e+00
3.221329964180050798e+00
3.222311810031661228e+00
3.224595752568926610e+00
3.228905990286439653e+00
3.236609630761158041e+00
3.250141826457033201e+00
3.273745272202440937e+00
3.314752325186795634e+00
3.385810747382163921e+00
3.508748583320414838e+00
3.721262268661613692e+00
4.088385113264633830e+00
-1.561230580795108125e+00
1.636382942205035107e+00
1.828568628319084066e+00
1.951983251285925425e+00
2.020587611368030778e+00
2.046714913803967306e+00
2.040776134631863581e+00
2.011343750485465431e+00
1.965398447040232810e+00
1.908624384749321612e+00
1.845691102953624263e+00
1.780489887299983254e+00
1.716311576602478572e+00
1.655965880933359946e+00
1.601850805275084166e+00
1.555985384299840346e+00
1.520020263209986622e+00
1.495239477653061533e+00
1.482563983592519508e+00
0.000000000000000000e+00
