0.000000000000000000e+00
1.197670636366805041e+00
1.211416993762509442e+00
1.238584299179535275e+00
1.278551353129165014e+00
1.330372031541822375e+00
1.392753956280280203e+00
1.464043942612658133e+00
1.542215819323697668e+00
1.624851818293669981e+00
1.709103959862100286e+00
1.791617642459441218e+00
1.868397090598044041e+00
1.934592967564221055e+00
1.984198600537292245e+00
2.009656580679798576e+00
2.001406971678714619e+00
1.947458656303248770e+00
1.833146889759133202e+00
-1.356658862590506054e+00
4.348843734270890771e+00
3.988297342173462656e+00
3.769312259522460629e+00
3.639340820977193580e+00
3.564429796222297053e+00
3.523077312388347426e+00
3.501688847106104951e+00
3.491656051291127660e+00
3.487583969797774408e+00
3.486228043579859825e+00
3.485828069085072478e+00
3.485650626302737809e+00
3.485650626302737809e+00
3.485828069085072478e+00
3.486228043579859825e+00
3.487583969797774408e+00
3.491656051291127660e+00
3.501688847106104951e+00
3.523077312388347426e+00
3.564429796222297053e+00
3.639340820977193580e+00
3.769312259522460629e+00
3.988297342173462656e+00
4.348843734270890771e+00
-1.356658862590506054e+00
1.833146889759133202e+00
1.947458656303248770e+00
2.001406971678714619e+00
2.009656580679798576e+00
1.984198600537292245e+00
1.934592967564221055e+00
1.868397090598044041e+00
1.791617642459441218e+00
1.709103959862100286e+00
1.624851818293669981e+00
1.542215819323697668e+00
1.464043942612658133e+00
1.392753956280280203e+00
1.330372031541822375e+00
1.278551353129165014e+00
1.238584299179535275e+00
1.211416993762509442e+00
1.197670636366805041e+00
0.000000000000000000e+00
