0.000000000000000000e+00
9.965514309504445167e-01
1.010415999944769716e+00
1.038020133727302730e+00
1.079023392790033453e+00
1.132828223246485466e+00
1.198540127821338563e+00
1.274932278398254848e+00
1.360415520021935443e+00
1.453011478849604021e+00
1.550321841586335792e+00
1.649481185478222089e+00
1.747074947379507970e+00
1.838998711651695928e+00
1.920231445897320643e+00
1.984494470413983969e+00
2.023775138492671211e+00
2.027715704994063728e+00
1.982923204128378858e+00
-1.194532414432400547e+00
4.656612831344113523e+00
4.372546895777746911e+00
4.197772797122700794e+00
4.099505397108378801e+00
4.053436764118464097e+00
4.042086586271476101e+00
4.052581476880977362e+00
4.074924967230638018e+00
4.101031425115838402e+00
4.124526117599348396e+00
4.141099879437369680e+00
4.148976417060744382e+00
4.148976417060744382e+00
4.141099879437369680e+00
4.124526117599348396e+00
4.101031425115838402e+00
4.074924967230638018e+00
4.052581476880977362e+00
4.042086586271476101e+00
4.053436764118464097e+00
4.099505397108378801e+00
4.197772797122700794e+00
4.372546895777746911e+00
4.656612831344113523e+00
-1.194532414432400547e+00
1.982923204128378858e+00
2.027715704994063728e+00
2.023775138492671211e+00
1.984494470413983969e+00
1.920231445897320643e+00
1.838998711651695928e+00
1.747074947379507970e+00
1.649481185478222089e+00
1.550321841586335792e+00
1.453011478849604021e+00
1.360415520021935443e+00
1.274932278398254848e+00
1.198540127821338563e+00
1.132828223246485466e+00
1.079023392790033453e+00
1.038020133727302730e+00
1.010415999944769716e+00
9.965514309504445167e-01
0.000000000000000000e+00
