0.000000000000000000e+00
3.729518124485320940e-01
3.812348965806918732e-01
3.982091036048319710e-01
4.245320406303608185e-01
4.611045048963533510e-01
5.090560394383605303e-01
5.697182894538637132e-01
6.445809569935290195e-01
7.352241210137206995e-01
8.432199166182055006e-01
9.699964846843404098e-01
1.116658463065798967e+00
1.283762226435666953e+00
1.471051974558973630e+00
1.677175639008186669e+00
1.899416699704636002e+00
2.133494844802655610e+00
2.373495260058016143e+00
-7.494781291943970469e-01
-5.264636944672033136e-01
-3.641451194220632903e-01
-2.476910536333106483e-01
-1.651057460032009094e-01
-1.071235361853048185e-01
-6.678971095202618224e-02
-3.899239126006166789e-02
-2.004223960020814002e-02
-7.329082946600091499e-03
9.416070594068509788e-04
5.938215723511201631e-03
8.325568930238344892e-03
8.325568930238344892e-03
5.938215723511201631e-03
9.416070594068509788e-04
-7.329082946600091499e-03
-2.004223960020814002e-02
-3.899239126006166789e-02
-6.678971095202618224e-02
-1.071235361853048185e-01
-1.651057460032009094e-01
-2.476910536333106483e-01
-3.641451194220632903e-01
-5.264636944672033136e-01
-7.494781291943970469e-01
2.373495260058016143e+00
2.133494844802655610e+00
1.899416699704636002e+00
1.677175639008186669e+00
1.471051974558973630e+00
1.283762226435666953e+00
1.116658463065798967e+00
9.699964846843404098e-01
8.432199166182055006e-01
7.352241210137206995e-01
6.445809569935290195e-01
5.697182894538637132e-01
5.090560394383605303e-01
4.611045048963533510e-01
4.245320406303608185e-01
3.982091036048319710e-01
3.812348965806918732e-01
3.729518124485320940e-01
0.000000000000000000e+00
