0.000000000000000000e+00
5.919021507148364281e-01
5.980298450321991366e-01
6.104533776314227111e-01
6.295605073205015056e-01
6.559698371160260777e-01
6.905539288827599043e-01
7.344757867056653788e-01
7.892366537169464014e-01
8.567355022384534058e-01
9.393403494206701287e-01
1.039964143317895884e+00
1.162124389462661833e+00
1.309946018091098674e+00
1.488038823315799286e+00
1.701143532183955198e+00
1.953406446803912733e+00
2.247157634067558085e+00
2.580549353807392698e+00
-5.305634749091082680e-01
-2.720169697919291862e-01
-1.383690110675271645e-01
-6.901722852974970235e-02
-3.294487545274007306e-02
-1.414280203624630750e-02
-4.321931860496792954e-03
8.179253960814861311e-04
3.511244650578375197e-03
4.920412722519308148e-03
5.649615665344424713e-03
6.010406704063056375e-03
6.158005731091491415e-03
6.158005731091491415e-03
6.010406704063056375e-03
5.649615665344424713e-03
4.920412722519308148e-03
3.511244650578375197e-03
8.179253960814861311e-04
-4.321931860496792954e-03
-1.414280203624630750e-02
-3.294487545274007306e-02
-6.901722852974970235e-02
-1.383690110675271645e-01
-2.720169697919291862e-01
-5.305634749091082680e-01
2.580549353807392698e+00
2.247157634067558085e+00
1.953406446803912733e+00
1.701143532183955198e+00
1.488038823315799286e+00
1.309946018091098674e+00
1.162124389462661833e+00
1.039964143317895884e+00
9.393403494206701287e-01
8.567355022384534058e-01
7.892366537169464014e-01
7.344757867056653788e-01
6.905539288827599043e-01
6.559698371160260777e-01
6.295605073205015056e-01
6.104533776314227111e-01
5.980298450321991366e-01
5.919021507148364281e-01
0.000000000000000000e+00
