0.000000000000000000e+00
5.933828098543101337e-01
6.052621947231262567e-01
6.292899586703234460e-01
6.657889695470274871e-01
7.150933241694179543e-01
7.774918409604054670e-01
8.531582978633749370e-01
9.420703382421558025e-01
1.043920589862538773e+00
1.158024955004563372e+00
1.283233490661211729e+00
1.417848105322121466e+00
1.559548048044416380e+00
1.705318915778648581e+00
1.851374183807699580e+00
1.993050826251343555e+00
2.124652936198736519e+00
2.238988901879473303e+00
-9.030466283022359208e-01
-8.633014082272653100e-01
-7.942638708366891453e-01
-7.045130756898363433e-01
-6.095086833730263276e-01
-5.151384337924653778e-01
-4.258207064479759274e-01
-3.447231951325376853e-01
-2.740293529501980352e-01
-2.152337918011974216e-01
-1.694449955742100833e-01
-1.376709235656516095e-01
-1.210595082303960873e-01
-1.210595082303960873e-01
-1.376709235656516095e-01
-1.694449955742100833e-01
-2.152337918011974216e-01
-2.740293529501980352e-01
-3.447231951325376853e-01
-4.258207064479759274e-01
-5.151384337924653778e-01
-6.095086833730263276e-01
-7.045130756898363433e-01
-7.942638708366891453e-01
-8.633014082272653100e-01
-9.030466283022359208e-01
2.238988901879473303e+00
2.124652936198736519e+00
1.993050826251343555e+00
1.851374183807699580e+00
1.705318915778648581e+00
1.559548048044416380e+00
1.417848105322121466e+00
1.283233490661211729e+00
1.158024955004563372e+00
1.043920589862538773e+00
9.420703382421558025e-01
8.531582978633749370e-01
7.774918409604054670e-01
7.150933241694179543e-01
6.657889695470274871e-01
6.292899586703234460e-01
6.052621947231262567e-01
5.933828098543101337e-01
0.000000000000000000e+00
