0.000000000000000000e+00
4.984383617757071061e-01
5.091907232939235639e-01
5.310382425587315547e-01
5.644579007508546686e-01
6.100279926134412056e-01
6.683811192158993775e-01
7.401417019630970318e-01
8.258471026248849212e-01
9.258525367162071529e-01
1.040221943021411910e+00
1.168609353067803891e+00
1.310130637020972877e+00
1.463237343900551046e+00
1.625606202611272533e+00
1.794050365343982323e+00
1.964448367917191129e+00
2.131677286062792831e+00
2.289527788317287982e+00
-8.448948367544517613e-01
-7.180462419530094786e-01
-5.954299583345410429e-01
-4.825849352347955645e-01
-3.825206587506166378e-01
-2.964185235886626080e-01
-2.242291929643920045e-01
-1.651610299788231762e-01
-1.180641278449934273e-01
-8.172341748119608951e-02
-5.507982766114426221e-02
-3.739970865073947992e-02
-2.840997803917221648e-02
-2.840997803917221648e-02
-3.739970865073947992e-02
-5.507982766114426221e-02
-8.172341748119608951e-02
-1.180641278449934273e-01
-1.651610299788231762e-01
-2.242291929643920045e-01
-2.964185235886626080e-01
-3.825206587506166378e-01
-4.825849352347955645e-01
-5.954299583345410429e-01
-7.180462419530094786e-01
-8.448948367544517613e-01
2.289527788317287982e+00
2.131677286062792831e+00
1.964448367917191129e+00
1.794050365343982323e+00
1.625606202611272533e+00
1.463237343900551046e+00
1.310130637020972877e+00
1.168609353067803891e+00
1.040221943021411910e+00
9.258525367162071529e-01
8.258471026248849212e-01
7.401417019630970318e-01
6.683811192158993775e-01
6.100279926134412056e-01
5.644579007508546686e-01
5.310382425587315547e-01
5.091907232939235639e-01
4.984383617757071061e-01
0.000000000000000000e+00
