0.000000000000000000e+00
5.149523001362725783e-01
5.208812007535272848e-01
5.329099670981821690e-01
5.514345297245026867e-01
5.770957293593119708e-01
6.108114113361527986e-01
6.538228154298986183e-01
7.077570143113959267e-01
7.747055080538307603e-01
8.573153346173449929e-01
9.588817610278234094e-01
1.083418232489666844e+00
1.235655972408923997e+00
1.420846002816229747e+00
1.644098226861309575e+00
1.909060220813126207e+00
2.215987744440521379e+00
2.559625862723606815e+00
-5.516763191461089288e-01
-2.879888840026012531e-01
-1.487434322865790470e-01
-7.520406621842942729e-02
-3.641232449842408264e-02
-1.597845047440712291e-02
-5.229059508374600540e-03
4.183897249288615907e-04
3.380448455451731758e-03
4.928550214324921817e-03
5.728908610711631010e-03
6.126410279047553829e-03
6.291461541424964686e-03
6.291461541424964686e-03
6.126410279047553829e-03
5.728908610711631010e-03
4.928550214324921817e-03
3.380448455451731758e-03
4.183897249288615907e-04
-5.229059508374600540e-03
-1.597845047440712291e-02
-3.641232449842408264e-02
-7.520406621842942729e-02
-1.487434322865790470e-01
-2.879888840026012531e-01
-5.516763191461089288e-01
2.559625862723606815e+00
2.215987744440521379e+00
1.909060220813126207e+00
1.644098226861309575e+00
1.420846002816229747e+00
1.235655972408923997e+00
1.083418232489666844e+00
9.588817610278234094e-01
8.573153346173449929e-01
7.747055080538307603e-01
7.077570143113959267e-01
6.538228154298986183e-01
6.108114113361527986e-01
5.770957293593119708e-01
5.514345297245026867e-01
5.329099670981821690e-01
5.208812007535272848e-01
5.149523001362725783e-01
0.000000000000000000e+00
