0.000000000000000000e+00
1.585601757536165390e+00
1.597671326780495837e+00
1.621169206591184908e+00
1.655097727657495632e+00
1.698094515145822214e+00
1.748431473569471262e+00
1.804012558823131718e+00
1.862358963541760559e+00
1.920568687082890191e+00
1.975237754525480893e+00
2.022333115432767059e+00
2.057012774725495596e+00
2.073397171542665340e+00
2.064307872783037290e+00
2.021007783710486727e+00
1.933008534180431948e+00
1.788072136673917178e+00
1.572655296277375214e+00
4.656938916292045150e+00
4.024280720445058357e+00
3.665270846485864986e+00
3.460776036421933544e+00
3.344063354703620483e+00
3.277350325367051287e+00
3.239178081550902810e+00
3.217331058201269300e+00
3.204843633064391017e+00
3.197743964391982274e+00
3.193777399636850145e+00
3.191683874908227025e+00
3.190791072920806659e+00
3.190791072920806659e+00
3.191683874908227025e+00
3.193777399636850145e+00
3.197743964391982274e+00
3.204843633064391017e+00
3.217331058201269300e+00
3.239178081550902810e+00
3.277350325367051287e+00
3.344063354703620483e+00
3.460776036421933544e+00
3.665270846485864986e+00
4.024280720445058357e+00
4.656938916292045150e+00
1.572655296277375214e+00
1.788072136673917178e+00
1.933008534180431948e+00
2.021007783710486727e+00
2.064307872783037290e+00
2.073397171542665340e+00
2.057012774725495596e+00
2.022333115432767059e+00
1.975237754525480893e+00
1.920568687082890191e+00
1.862358963541760559e+00
1.804012558823131718e+00
1.748431473569471262e+00
1.698094515145822214e+00
1.655097727657495632e+00
1.621169206591184908e+00
1.597671326780495837e+00
1.585601757536165390e+00
0.000000000000000000e+00
