0.000000000000000000e+00
4.401072019696573578e-01
4.499310836886965537e-01
4.699591133205295312e-01
5.007576181900816881e-01
5.430553718930842821e-01
5.977072090424627726e-01
6.656421235860456864e-01
7.477931310512058172e-01
8.450066827421166549e-01
9.579305901288344138e-01
1.086881406989122167e+00
1.231695074491094610e+00
1.391559418476994381e+00
1.564849951097128544e+00
1.748988591744856658e+00
1.940337866142888501e+00
2.133922267823439967e+00
2.323645137986972919e+00
-8.061478072146295304e-01
-6.343737826413882175e-01
-4.893912883802456482e-01
-3.702306961331675583e-01
-2.744118189811683983e-01
-1.987920937411643274e-01
-1.401120126125390553e-01
-9.532081849962424636e-02
-6.175385108282235858e-02
-3.721753152760805955e-02
-2.002381969769878242e-02
-9.004553423927265030e-03
-3.527290484640411335e-03
-3.527290484640411335e-03
-9.004553423927265030e-03
-2.002381969769878242e-02
-3.721753152760805955e-02
-6.175385108282235858e-02
-9.532081849962424636e-02
-1.401120126125390553e-01
-1.987920937411643274e-01
-2.744118189811683983e-01
-3.702306961331675583e-01
-4.893912883802456482e-01
-6.343737826413882175e-01
-8.061478072146295304e-01
2.323645137986972919e+00
2.133922267823439967e+00
1.940337866142888501e+00
1.748988591744856658e+00
1.564849951097128544e+00
1.391559418476994381e+00
1.231695074491094610e+00
1.086881406989122167e+00
9.579305901288344138e-01
8.450066827421166549e-01
7.477931310512058172e-01
6.656421235860456864e-01
5.977072090424627726e-01
5.430553718930842821e-01
5.007576181900816881e-01
4.699591133205295312e-01
4.499310836886965537e-01
4.401072019696573578e-01
0.000000000000000000e+00
