0.000000000000000000e+00
4.212825774734040851e-01
4.307467315981484690e-01
4.500654519240701035e-01
4.798324476475591127e-01
5.208249266037852099e-01
5.739718852517247116e-01
6.403073127237065565e-01
7.209048884428393977e-01
8.167909240909093649e-01
9.288331174703721160e-01
1.057604415824702215e+00
1.203224175473238899e+00
1.365182945447199092e+00
1.542162312136757141e+00
1.731831281178115800e+00
1.930716112947412189e+00
2.134135412696261724e+00
2.336192241482724086e+00
-7.920171094533211553e-01
-6.063097322695994995e-01
-4.556244367080190538e-01
-3.360619145851109768e-01
-2.429370903546173854e-01
-1.715557482048250537e-01
-1.176310558745305990e-01
-7.747380135773629384e-02
-4.805033343156693559e-02
-2.697113198157334579e-02
-1.245130794417317714e-02
-3.270060712397973059e-03
1.253044639231529721e-03
1.253044639231529721e-03
-3.270060712397973059e-03
-1.245130794417317714e-02
-2.697113198157334579e-02
-4.805033343156693559e-02
-7.747380135773629384e-02
-1.176310558745305990e-01
-1.715557482048250537e-01
-2.429370903546173854e-01
-3.360619145851109768e-01
-4.556244367080190538e-01
-6.063097322695994995e-01
-7.920171094533211553e-01
2.336192241482724086e+00
2.134135412696261724e+00
1.930716112947412189e+00
1.731831281178115800e+00
1.542162312136757141e+00
1.365182945447199092e+00
1.203224175473238899e+00
1.057604415824702215e+00
9.288331174703721160e-01
8.167909240909093649e-01
7.209048884428393977e-01
6.403073127237065565e-01
5.739718852517247116e-01
5.208249266037852099e-01
4.798324476475591127e-01
4.500654519240701035e-01
4.307467315981484690e-01
4.212825774734040851e-01
0.000000000000000000e+00
