0.000000000000000000e+00
4.853911931537786550e-01
4.959554756030525313e-01
5.174358613591825140e-01
5.503297819865683449e-01
5.952492054387635845e-01
6.528755910859902478e-01
7.238992133584978284e-01
8.089417662915303620e-01
9.084616926497210976e-01
1.022643393929542510e+00
1.151274242925995228e+00
1.293616030539928241e+00
1.448265743482657131e+00
1.613028995553860812e+00
1.784821591192583989e+00
1.959598368911225075e+00
2.132296237275117967e+00
2.296769646611624527e+00
-8.366404551168178383e-01
-6.994701348828741283e-01
-5.712533996978405026e-01
-4.563512762938438105e-01
-3.567056606967660137e-01
-2.725969940929706681e-01
-2.032614566577023996e-01
-1.473707883584491618e-01
-1.033900541758951269e-01
-6.983649446897507995e-02
-4.546543543328322723e-02
-2.940794493884970814e-02
-2.128056873844648422e-02
-2.128056873844648422e-02
-2.940794493884970814e-02
-4.546543543328322723e-02
-6.983649446897507995e-02
-1.033900541758951269e-01
-1.473707883584491618e-01
-2.032614566577023996e-01
-2.725969940929706681e-01
-3.567056606967660137e-01
-4.563512762938438105e-01
-5.712533996978405026e-01
-6.994701348828741283e-01
-8.366404551168178383e-01
2.296769646611624527e+00
2.132296237275117967e+00
1.959598368911225075e+00
1.784821591192583989e+00
1.613028995553860812e+00
1.448265743482657131e+00
1.293616030539928241e+00
1.151274242925995228e+00
1.022643393929542510e+00
9.084616926497210976e-01
8.089417662915303620e-01
7.238992133584978284e-01
6.528755910859902478e-01
5.952492054387635845e-01
5.503297819865683449e-01
5.174358613591825140e-01
4.959554756030525313e-01
4.853911931537786550e-01
0.000000000000000000e+00
