0.000000000000000000e+00
3.966571365909427049e-01
4.024343929957395205e-01
4.142369913699995854e-01
4.325686287039671729e-01
4.582236055794557394e-01
4.923345765222812420e-01
5.364310588291902882e-01
5.925029564314890917e-01
6.630581910193291684e-01
7.511569770031760740e-01
8.603969238309725487e-01
9.948121039534847387e-01
1.158634922696224923e+00
1.355854367564700347e+00
1.589498603978206859e+00
1.860601265412107352e+00
2.166927481881104178e+00
2.501779839614102663e+00
-6.110959617450667514e-01
-3.418596247948620936e-01
-1.891313703823321868e-01
-1.027169689157598209e-01
-5.396624925537081563e-02
-2.654584272260582592e-02
-1.116918570143083517e-02
-2.573065886214550776e-03
2.215011847566682873e-03
4.866511518794970972e-03
6.314341317843289239e-03
7.069538275633339280e-03
7.395301912121322874e-03
7.395301912121322874e-03
7.069538275633339280e-03
6.314341317843289239e-03
4.866511518794970972e-03
2.215011847566682873e-03
-2.573065886214550776e-03
-1.116918570143083517e-02
-2.654584272260582592e-02
-5.396624925537081563e-02
-1.027169689157598209e-01
-1.891313703823321868e-01
-3.418596247948620936e-01
-6.110959617450667514e-01
2.501779839614102663e+00
2.166927481881104178e+00
1.860601265412107352e+00
1.589498603978206859e+00
1.355854367564700347e+00
1.158634922696224923e+00
9.948121039534847387e-01
8.603969238309725487e-01
7.511569770031760740e-01
6.630581910193291684e-01
5.925029564314890917e-01
5.364310588291902882e-01
4.923345765222812420e-01
4.582236055794557394e-01
4.325686287039671729e-01
4.142369913699995854e-01
4.024343929957395205e-01
3.966571365909427049e-01
0.000000000000000000e+00
