0.000000000000000000e+00
1.674996289409701467e+00
1.674996289409701467e+00
1.674996289409701467e+00
1.674996289409701467e+00
1.674996289409701467e+00
1.674996289409701467e+00
1.674996289409701467e+00
1.674996289409701467e+00
1.674996289409701467e+00
1.674996289409701467e+00
1.674996289409701467e+00
1.674996289409701467e+00
1.674996289409701467e+00
1.674996289409701467e+00
1.674996289409701467e+00
1.674996289409701467e+00
2.384201906857192910e+00
3.078542553263119430e+00
0.000000000000000000e+00
0.000000000000000000e+00
0.000000000000000000e+00
0.000000000000000000e+00
0.000000000000000000e+00
0.000000000000000000e+00
0.000000000000000000e+00
0.000000000000000000e+00
0.000000000000000000e+00
0.000000000000000000e+00
0.000000000000000000e+00
0.000000000000000000e+00
0.000000000000000000e+00
0.000000000000000000e+00
0.000000000000000000e+00
0.000000000000000000e+00
0.000000000000000000e+00
0.000000000000000000e+00
0.000000000000000000e+00
0.000000000000000000e+00
0.000000000000000000e+00
0.000000000000000000e+00
0.000000000000000000e+00
0.000000000000000000e+00
0.000000000000000000e+00
0.000000000000000000e+00
3.078542553263119430e+00
2.384201906857192910e+00
1.674996289409701467e+00
1.674996289409701467e+00
1.674996289409701467e+00
1.674996289409701467e+00
1.674996289409701467e+00
1.674996289409701467e+00
1.674996289409701467e+00
1.674996289409701467e+00
1.674996289409701467e+00
1.674996289409701467e+00
1.674996289409701467e+00
1.674996289409701467e+00
1.674996289409701467e+00
1.674996289409701467e+00
1.674996289409701467e+00
1.674996289409701467e+00
0.000000000000000000e+00
