0.000000000000000000e+00
1.072715537208425829e+00
1.086605630212943430e+00
1.114183422823055380e+00
1.154996331971295698e+00
1.208304326498327752e+00
1.273047214835931307e+00
1.347817942792101542e+00
1.430840953795151194e+00
1.519950766567074840e+00
1.612560927833526669e+00
1.705608021559988252e+00
1.795450391595160067e+00
1.877697547245213983e+00
1.946945584900219517e+00
1.996398953402396037e+00
2.017375679819285672e+00
1.998730697968437608e+00
1.926306260978348561e+00
-1.256654356955310137e+00
4.525636139492854149e+00
4.201193788175110910e+00
4.000931419066022343e+00
3.883698897339117106e+00
3.820649648118016550e+00
3.792132809432010809e+00
3.784632413991910305e+00
3.788621083220542918e+00
3.797322689400346452e+00
3.806141781410590230e+00
3.812435929253188416e+00
3.815320323221027099e+00
3.815320323221027099e+00
3.812435929253188416e+00
3.806141781410590230e+00
3.797322689400346452e+00
3.788621083220542918e+00
3.784632413991910305e+00
3.792132809432010809e+00
3.820649648118016550e+00
3.883698897339117106e+00
4.000931419066022343e+00
4.201193788175110910e+00
4.525636139492854149e+00
-1.256654356955310137e+00
1.926306260978348561e+00
1.998730697968437608e+00
2.017375679819285672e+00
1.996398953402396037e+00
1.946945584900219517e+00
1.877697547245213983e+00
1.795450391595160067e+00
1.705608021559988252e+00
1.612560927833526669e+00
1.519950766567074840e+00
1.430840953795151194e+00
1.347817942792101542e+00
1.273047214835931307e+00
1.208304326498327752e+00
1.154996331971295698e+00
1.114183422823055380e+00
1.086605630212943430e+00
1.072715537208425829e+00
0.000000000000000000e+00
