0.000000000000000000e+00
3.544779589619733717e-01
3.606480904696913181e-01
3.733255382170366787e-01
3.931295082324878787e-01
4.209883072421985450e-01
4.581701760014205704e-01
5.063134556848810641e-01
5.674495263302148373e-01
6.440089944674852740e-01
7.387974371455162670e-01
8.549212214953298972e-01
9.956364228383830506e-01
1.164085757334746063e+00
1.362883778358475739e+00
1.593519132423470985e+00
1.855582135837470226e+00
2.145917418073343352e+00
2.457945599488302602e+00
-6.571436793345994953e-01
-3.916009206370070217e-01
-2.306332386425749836e-01
-1.335656628812496860e-01
-7.529381031107897082e-02
-4.045777324354673382e-02
-1.971638800214680493e-02
-7.418361250281815290e-03
-1.625551775401605156e-04
4.084934273365577705e-03
6.527490058200287847e-03
7.859503359018348359e-03
8.452525723935372381e-03
8.452525723935372381e-03
7.859503359018348359e-03
6.527490058200287847e-03
4.084934273365577705e-03
-1.625551775401605156e-04
-7.418361250281815290e-03
-1.971638800214680493e-02
-4.045777324354673382e-02
-7.529381031107897082e-02
-1.335656628812496860e-01
-2.306332386425749836e-01
-3.916009206370070217e-01
-6.571436793345994953e-01
2.457945599488302602e+00
2.145917418073343352e+00
1.855582135837470226e+00
1.593519132423470985e+00
1.362883778358475739e+00
1.164085757334746063e+00
9.956364228383830506e-01
8.549212214953298972e-01
7.387974371455162670e-01
6.440089944674852740e-01
5.674495263302148373e-01
5.063134556848810641e-01
4.581701760014205704e-01
4.209883072421985450e-01
3.931295082324878787e-01
3.733255382170366787e-01
3.606480904696913181e-01
3.544779589619733717e-01
0.000000000000000000e+00
