0.000000000000000000e+00
3.841420038955838945e-01
3.927486079209986936e-01
4.103674609904083836e-01
4.376426569065963168e-01
4.754465290055262527e-01
5.248601791798696015e-01
5.871408088288676552e-01
6.636710542539495661e-01
7.558848302301726108e-01
8.651638957614632419e-01
9.926998997848354156e-01
1.139318692526673393e+00
1.305268054261175870e+00
1.489977534867970466e+00
1.691810042035016837e+00
1.907837708440860647e+00
2.133685029244887232e+00
2.363482729393217685e+00
-7.607470998624369374e-01
-5.469297270430265590e-01
-3.868946687116920358e-01
-2.690347279475472364e-01
-1.833700086239850868e-01
-1.218101108751352690e-01
-7.803203419096402249e-02
-4.722331582223357471e-02
-2.580325187947688642e-02
-1.117090520234056972e-02
-1.499114882046313334e-03
4.419269835900291668e-03
7.271606931537606504e-03
7.271606931537606504e-03
4.419269835900291668e-03
-1.499114882046313334e-03
-1.117090520234056972e-02
-2.580325187947688642e-02
-4.722331582223357471e-02
-7.803203419096402249e-02
-1.218101108751352690e-01
-1.833700086239850868e-01
-2.690347279475472364e-01
-3.868946687116920358e-01
-5.469297270430265590e-01
-7.607470998624369374e-01
2.363482729393217685e+00
2.133685029244887232e+00
1.907837708440860647e+00
1.691810042035016837e+00
1.489977534867970466e+00
1.305268054261175870e+00
1.139318692526673393e+00
9.926998997848354156e-01
8.651638957614632419e-01
7.558848302301726108e-01
6.636710542539495661e-01
5.871408088288676552e-01
5.248601791798696015e-01
4.754465290055262527e-01
4.376426569065963168e-01
4.103674609904083836e-01
3.927486079209986936e-01
3.841420038955838945e-01
0.000000000000000000e+00
