0.000000000000000000e+00
5.706463200930207424e-01
5.767211372954960114e-01
5.890368079930580203e-01
6.079801851819753855e-01
6.341727236691276914e-01
6.684962855494811507e-01
7.121311869575662756e-01
7.666072672928039289e-01
8.338692322341919594e-01
9.163546240665371156e-01
1.017075382331372513e+00
1.139681423043932051e+00
1.288464840591549532e+00
1.468232898931810082e+00
1.683936517514241782e+00
1.939902292844178033e+00
2.238186186426173396e+00
2.575612233994221345e+00
-5.354708954111377928e-01
-2.751697629281480428e-01
-1.401252465832572014e-01
-6.990567193745170216e-02
-3.335829919222196849e-02
-1.431977310156594928e-02
-4.391952158105384002e-03
7.904251209282126293e-04
3.496991562418631707e-03
4.907759978965705629e-03
5.635183819846339461e-03
5.994478860479881925e-03
6.142009779641710923e-03
6.142009779641710923e-03
5.994478860479881925e-03
5.635183819846339461e-03
4.907759978965705629e-03
3.496991562418631707e-03
7.904251209282126293e-04
-4.391952158105384002e-03
-1.431977310156594928e-02
-3.335829919222196849e-02
-6.990567193745170216e-02
-1.401252465832572014e-01
-2.751697629281480428e-01
-5.354708954111377928e-01
2.575612233994221345e+00
2.238186186426173396e+00
1.939902292844178033e+00
1.683936517514241782e+00
1.468232898931810082e+00
1.288464840591549532e+00
1.139681423043932051e+00
1.017075382331372513e+00
9.163546240665371156e-01
8.338692322341919594e-01
7.666072672928039289e-01
7.121311869575662756e-01
6.684962855494811507e-01
6.341727236691276914e-01
6.079801851819753855e-01
5.890368079930580203e-01
5.767211372954960114e-01
5.706463200930207424e-01
0.000000000000000000e+00
