0.000000000000000000e+00
1.956878132711168838e+00
1.965999371062703949e+00
1.983445592768636967e+00
2.008084896217461335e+00
2.038445028088244015e+00
2.072707386643529048e+00
2.108690885697405815e+00
2.143816264465565169e+00
2.175042129096013355e+00
2.198765852560135237e+00
2.210685294249016053e+00
2.205621333674262274e+00
2.177307685232357848e+00
2.118166922847556588e+00
2.019118249559944456e+00
1.869519613191694463e+00
1.657461645088584845e+00
1.370832530547631878e+00
4.453158079238944467e+00
3.852810578954775522e+00
3.532674372343931335e+00
3.359842798644661066e+00
3.266051637607043645e+00
3.214968052440878132e+00
3.187057567942617631e+00
3.171768088054238710e+00
3.163381875668585863e+00
3.158794705164374328e+00
3.156322455780881775e+00
3.155059375949687439e+00
3.154534916010559353e+00
3.154534916010559353e+00
3.155059375949687439e+00
3.156322455780881775e+00
3.158794705164374328e+00
3.163381875668585863e+00
3.171768088054238710e+00
3.187057567942617631e+00
3.214968052440878132e+00
3.266051637607043645e+00
3.359842798644661066e+00
3.532674372343931335e+00
3.852810578954775522e+00
4.453158079238944467e+00
1.370832530547631878e+00
1.657461645088584845e+00
1.869519613191694463e+00
2.019118249559944456e+00
2.118166922847556588e+00
2.177307685232357848e+00
2.205621333674262274e+00
2.210685294249016053e+00
2.198765852560135237e+00
2.175042129096013355e+00
2.143816264465565169e+00
2.108690885697405815e+00
2.072707386643529048e+00
2.038445028088244015e+00
2.008084896217461335e+00
1.983445592768636967e+00
1.965999371062703949e+00
1.956878132711168838e+00
0.000000000000000000e+00
