0.000000000000000000e+00
1.334835674600979516e+00
1.348185557351734065e+00
1.374434378512906951e+00
1.412801000258546713e+00
1.462153807614871237e+00
1.520999804108813747e+00
1.587478979022368231e+00
1.659356014775358323e+00
1.733997331398823061e+00
1.808318045478653158e+00
1.878681739229135061e+00
1.940737253921405836e+00
1.989182527931062427e+00
2.017457556442293853e+00
2.017388956650669307e+00
1.978840271906974868e+00
1.889471227058315161e+00
1.734791407959148213e+00
-1.459805528558603349e+00
4.203867271197237798e+00
3.832068275376489197e+00
3.611504098320285294e+00
3.481702670067303274e+00
3.405984755070138537e+00
3.362318009091687543e+00
3.337496402917737637e+00
3.323616018880075629e+00
3.315978511655540917e+00
3.311845619726367040e+00
3.309692399266536356e+00
3.308754345797189522e+00
3.308754345797189522e+00
3.309692399266536356e+00
3.311845619726367040e+00
3.315978511655540917e+00
3.323616018880075629e+00
3.337496402917737637e+00
3.362318009091687543e+00
3.405984755070138537e+00
3.481702670067303274e+00
3.611504098320285294e+00
3.832068275376489197e+00
4.203867271197237798e+00
-1.459805528558603349e+00
1.734791407959148213e+00
1.889471227058315161e+00
1.978840271906974868e+00
2.017388956650669307e+00
2.017457556442293853e+00
1.989182527931062427e+00
1.940737253921405836e+00
1.878681739229135061e+00
1.808318045478653158e+00
1.733997331398823061e+00
1.659356014775358323e+00
1.587478979022368231e+00
1.520999804108813747e+00
1.462153807614871237e+00
1.412801000258546713e+00
1.374434378512906951e+00
1.348185557351734065e+00
1.334835674600979516e+00
0.000000000000000000e+00
