0.000000000000000000e+00
1.691053570004385609e+00
1.702399355836974104e+00
1.724388741241640099e+00
1.755963444030979925e+00
1.795703463639149788e+00
1.841826576069646393e+00
1.892183633420874811e+00
1.944238261361175280e+00
1.995018969025146527e+00
2.041033036420741187e+00
2.078134968659324677e+00
2.101347773872447089e+00
2.104643003664816270e+00
2.080696631545190023e+00
2.020656504704707146e+00
1.913993351723376923e+00
1.748581592296273524e+00
1.511300229481445268e+00
4.594704500117053669e+00
3.968094222830171880e+00
3.619301905463736979e+00
3.423739789244322651e+00
3.313701018243087493e+00
3.251614585322079698e+00
3.216503415045018244e+00
3.196615147640579302e+00
3.185349360438167299e+00
3.178995260716591886e+00
3.175471906958512669e+00
3.173626456739531587e+00
3.172845533395264539e+00
3.172845533395264539e+00
3.173626456739531587e+00
3.175471906958512669e+00
3.178995260716591886e+00
3.185349360438167299e+00
3.196615147640579302e+00
3.216503415045018244e+00
3.251614585322079698e+00
3.313701018243087493e+00
3.423739789244322651e+00
3.619301905463736979e+00
3.968094222830171880e+00
4.594704500117053669e+00
1.511300229481445268e+00
1.748581592296273524e+00
1.913993351723376923e+00
2.020656504704707146e+00
2.080696631545190023e+00
2.104643003664816270e+00
2.101347773872447089e+00
2.078134968659324677e+00
2.041033036420741187e+00
1.995018969025146527e+00
1.944238261361175280e+00
1.892183633420874811e+00
1.841826576069646393e+00
1.795703463639149788e+00
1.755963444030979925e+00
1.724388741241640099e+00
1.702399355836974104e+00
1.691053570004385609e+00
0.000000000000000000e+00
