0.000000000000000000e+00
3.973762052395553024e-01
4.063179633849690053e-01
4.246026675609593237e-01
4.528571959874692632e-01
4.919200724984282846e-01
5.428170308189562698e-01
6.067225066676972256e-01
6.849027467209712894e-01
7.786358702635470808e-01
8.891043981900944582e-01
1.017256859382620560e+00
1.163637607195534329e+00
1.328188479313896497e+00
1.510032746951860849e+00
1.707260535363671838e+00
1.916743723206095762e+00
2.134013393925791036e+00
2.352947973285052008e+00
-7.726085080159164065e-01
-5.690741146188978972e-01
-4.120866661910314588e-01
-2.931871948785124138e-01
-2.044738917723729066e-01
-1.391352650707424476e-01
-9.157979847049237121e-02
-5.737388512807341939e-02
-3.310213508885491429e-02
-1.621030178189494103e-02
-4.862257024522574980e-03
2.172621553110798496e-03
5.592759930736479305e-03
5.592759930736479305e-03
2.172621553110798496e-03
-4.862257024522574980e-03
-1.621030178189494103e-02
-3.310213508885491429e-02
-5.737388512807341939e-02
-9.157979847049237121e-02
-1.391352650707424476e-01
-2.044738917723729066e-01
-2.931871948785124138e-01
-4.120866661910314588e-01
-5.690741146188978972e-01
-7.726085080159164065e-01
2.352947973285052008e+00
2.134013393925791036e+00
1.916743723206095762e+00
1.707260535363671838e+00
1.510032746951860849e+00
1.328188479313896497e+00
1.163637607195534329e+00
1.017256859382620560e+00
8.891043981900944582e-01
7.786358702635470808e-01
6.849027467209712894e-01
6.067225066676972256e-01
5.428170308189562698e-01
4.919200724984282846e-01
4.528571959874692632e-01
4.246026675609593237e-01
4.063179633849690053e-01
3.973762052395553024e-01
0.000000000000000000e+00
