0.000000000000000000e+00
3.680979259809205040e-01
3.762239043138191352e-01
3.928843371665662332e-01
4.187422363111659718e-01
4.547106860487676872e-01
5.019409309651139406e-01
5.617988024662571300e-01
6.358241080819974078e-01
7.256664182784829942e-01
8.329896694491255582e-01
9.593375850145408057e-01
1.105952885873034974e+00
1.273546875505318754e+00
1.462023902470433345e+00
1.670178899263754291e+00
1.895405446919607995e+00
2.133472193944090378e+00
2.378436227973024231e+00
-7.439391911521957557e-01
-5.167413117397539057e-01
-3.535516178220772798e-01
-2.379205058311721077e-01
-1.568773916230529197e-01
-1.006099576504289050e-01
-6.188340949911267513e-02
-3.546294351939949935e-02
-1.762302006592684003e-02
-5.760149191381054232e-03
1.897214421961614236e-03
6.494058220988184818e-03
8.680989406355492724e-03
8.680989406355492724e-03
6.494058220988184818e-03
1.897214421961614236e-03
-5.760149191381054232e-03
-1.762302006592684003e-02
-3.546294351939949935e-02
-6.188340949911267513e-02
-1.006099576504289050e-01
-1.568773916230529197e-01
-2.379205058311721077e-01
-3.535516178220772798e-01
-5.167413117397539057e-01
-7.439391911521957557e-01
2.378436227973024231e+00
2.133472193944090378e+00
1.895405446919607995e+00
1.670178899263754291e+00
1.462023902470433345e+00
1.273546875505318754e+00
1.105952885873034974e+00
9.593375850145408057e-01
8.329896694491255582e-01
7.256664182784829942e-01
6.358241080819974078e-01
5.617988024662571300e-01
5.019409309651139406e-01
4.547106860487676872e-01
4.187422363111659718e-01
3.928843371665662332e-01
3.762239043138191352e-01
3.680979259809205040e-01
0.000000000000000000e+00
