0.000000000000000000e+00
3.456091541832939651e-01
3.524849214206204340e-01
3.666248797673480331e-01
3.886997690649276471e-01
4.196756975496426234e-01
4.608256345337624627e-01
5.137348391195646347e-01
5.802939607667323418e-01
6.626712178782598883e-01
7.632520493448241572e-01
8.845310178664765877e-01
1.028937117601040896e+00
1.198571723055408045e+00
1.394841941768712124e+00
1.617987553454776295e+00
1.866535196221178694e+00
2.136772991318532711e+00
2.422408786226863064e+00
-6.953768576618380992e-01
-4.407999233932811123e-01
-2.758616367228907129e-01
-1.698746319517131509e-01
-1.022133787396177773e-01
-5.926844538098422627e-02
-3.216003959209876029e-02
-1.514380315741931451e-02
-4.533401209438520617e-03
2.014457373946391960e-03
5.966783757812292761e-03
8.211950907934062113e-03
9.240398799229884025e-03
9.240398799229884025e-03
8.211950907934062113e-03
5.966783757812292761e-03
2.014457373946391960e-03
-4.533401209438520617e-03
-1.514380315741931451e-02
-3.216003959209876029e-02
-5.926844538098422627e-02
-1.022133787396177773e-01
-1.698746319517131509e-01
-2.758616367228907129e-01
-4.407999233932811123e-01
-6.953768576618380992e-01
2.422408786226863064e+00
2.136772991318532711e+00
1.866535196221178694e+00
1.617987553454776295e+00
1.394841941768712124e+00
1.198571723055408045e+00
1.028937117601040896e+00
8.845310178664765877e-01
7.632520493448241572e-01
6.626712178782598883e-01
5.802939607667323418e-01
5.137348391195646347e-01
4.608256345337624627e-01
4.196756975496426234e-01
3.886997690649276471e-01
3.666248797673480331e-01
3.524849214206204340e-01
3.456091541832939651e-01
0.000000000000000000e+00
