0.000000000000000000e+00
3.564098522471218500e-01
3.640845801313385421e-01
3.798407695976933618e-01
4.043523021514154880e-01
4.385615038878928340e-01
4.836748988796844007e-01
5.411490374595696595e-01
6.126606065264498246e-01
7.000533996261030234e-01
8.052529930547693837e-01
9.301385029905621105e-01
1.076360410563802494e+00
1.245095695302635752e+00
1.436738884546044703e+00
1.650543126813724504e+00
1.884250863971830503e+00
2.133785883407509409e+00
2.393104162255756506e+00
-7.275892576001876666e-01
-4.893344874445911263e-01
-3.244579215192912591e-01
-2.116679076090680900e-01
-1.352124803634045802e-01
-8.379655213788389512e-02
-4.947404592498006598e-02
-2.673311671493747849e-02
-1.179841542399994586e-02
-2.120796209121733264e-03
3.983898381641858347e-03
7.580513389651016842e-03
9.269861716898163129e-03
9.269861716898163129e-03
7.580513389651016842e-03
3.983898381641858347e-03
-2.120796209121733264e-03
-1.179841542399994586e-02
-2.673311671493747849e-02
-4.947404592498006598e-02
-8.379655213788389512e-02
-1.352124803634045802e-01
-2.116679076090680900e-01
-3.244579215192912591e-01
-4.893344874445911263e-01
-7.275892576001876666e-01
2.393104162255756506e+00
2.133785883407509409e+00
1.884250863971830503e+00
1.650543126813724504e+00
1.436738884546044703e+00
1.245095695302635752e+00
1.076360410563802494e+00
9.301385029905621105e-01
8.052529930547693837e-01
7.000533996261030234e-01
6.126606065264498246e-01
5.411490374595696595e-01
4.836748988796844007e-01
4.385615038878928340e-01
4.043523021514154880e-01
3.798407695976933618e-01
3.640845801313385421e-01
3.564098522471218500e-01
0.000000000000000000e+00
