0.000000000000000000e+00
1.112952143380342207e+00
1.126820166383529775e+00
1.154313540602471155e+00
1.194923183969390790e+00
1.247838888398337565e+00
1.311920375316229626e+00
1.385674853749661928e+00
1.467239036501017724e+00
1.554359438338408728e+00
1.644359735618651230e+00
1.734078789399842391e+00
1.819758508491850391e+00
1.896858304966754227e+00
1.959774199339439749e+00
2.001449255513096048e+00
2.012883615626209100e+00
1.982596650732938448e+00
1.896172723342071986e+00
-1.289287960153049362e+00
4.463489582182432969e+00
4.123793291075105394e+00
3.914887157322084033e+00
3.791529600642802755e+00
3.722898325455836765e+00
3.688539396988324448e+00
3.674819600677935671e+00
3.672525452406336655e+00
3.675441302438891888e+00
3.679580040231223759e+00
3.682744242868968065e+00
3.684175128342509264e+00
3.684175128342509264e+00
3.682744242868968065e+00
3.679580040231223759e+00
3.675441302438891888e+00
3.672525452406336655e+00
3.674819600677935671e+00
3.688539396988324448e+00
3.722898325455836765e+00
3.791529600642802755e+00
3.914887157322084033e+00
4.123793291075105394e+00
4.463489582182432969e+00
-1.289287960153049362e+00
1.896172723342071986e+00
1.982596650732938448e+00
2.012883615626209100e+00
2.001449255513096048e+00
1.959774199339439749e+00
1.896858304966754227e+00
1.819758508491850391e+00
1.734078789399842391e+00
1.644359735618651230e+00
1.554359438338408728e+00
1.467239036501017724e+00
1.385674853749661928e+00
1.311920375316229626e+00
1.247838888398337565e+00
1.194923183969390790e+00
1.154313540602471155e+00
1.126820166383529775e+00
1.112952143380342207e+00
0.000000000000000000e+00
