0.000000000000000000e+00
1.242094697933711300e+00
1.255738608192659589e+00
1.282659063434576918e+00
1.322180031006259915e+00
1.373290620234503656e+00
1.434627443074961484e+00
1.504463506924480276e+00
1.580698023868591706e+00
1.660837122647715880e+00
1.741951003346116078e+00
1.820589563694207547e+00
1.892637178107847928e+00
1.953089726159370265e+00
1.995745502574483687e+00
2.012819514224389650e+00
1.994522046803828941e+00
1.928693107327669853e+00
1.800664983721075751e+00
-1.390963218558920911e+00
4.296906415510541422e+00
3.930274446640968034e+00
3.709262840448958265e+00
3.578261206105713743e+00
3.502166934876290050e+00
3.459188150732425804e+00
3.435831901604017968e+00
3.423750520541451348e+00
3.417831994899279024e+00
3.415048863828008319e+00
3.413744819495331040e+00
3.413170340839148498e+00
3.413170340839148498e+00
3.413744819495331040e+00
3.415048863828008319e+00
3.417831994899279024e+00
3.423750520541451348e+00
3.435831901604017968e+00
3.459188150732425804e+00
3.502166934876290050e+00
3.578261206105713743e+00
3.709262840448958265e+00
3.930274446640968034e+00
4.296906415510541422e+00
-1.390963218558920911e+00
1.800664983721075751e+00
1.928693107327669853e+00
1.994522046803828941e+00
2.012819514224389650e+00
1.995745502574483687e+00
1.953089726159370265e+00
1.892637178107847928e+00
1.820589563694207547e+00
1.741951003346116078e+00
1.660837122647715880e+00
1.580698023868591706e+00
1.504463506924480276e+00
1.434627443074961484e+00
1.373290620234503656e+00
1.322180031006259915e+00
1.282659063434576918e+00
1.255738608192659589e+00
1.242094697933711300e+00
0.000000000000000000e+00
