0.000000000000000000e+00
3.708485424013727161e-01
3.767607291698981675e-01
3.888789188529149787e-01
4.077687892612189002e-01
4.343014119103320025e-01
4.696946722880415703e-01
5.155585696572689836e-01
5.739377007559052224e-01
6.473406645922538116e-01
7.387412563261224197e-01
8.515294961517863026e-01
9.893811627693737121e-01
1.156002937231278116e+00
1.354700029708004294e+00
1.587715015593800683e+00
1.855323606125945712e+00
2.154779430338018553e+00
2.479393710036839060e+00
-6.344749559434091912e-01
-3.660087285296729220e-01
-2.087547661403846844e-01
-1.169933475118982852e-01
-6.364232984303599960e-02
-3.273262991760607366e-02
-1.488676705929986577e-02
-4.620229726661179148e-03
1.261074301163491763e-03
4.607623787478984725e-03
6.482018638702363549e-03
7.481413369436156272e-03
7.919323857176892648e-03
7.919323857176892648e-03
7.481413369436156272e-03
6.482018638702363549e-03
4.607623787478984725e-03
1.261074301163491763e-03
-4.620229726661179148e-03
-1.488676705929986577e-02
-3.273262991760607366e-02
-6.364232984303599960e-02
-1.169933475118982852e-01
-2.087547661403846844e-01
-3.660087285296729220e-01
-6.344749559434091912e-01
2.479393710036839060e+00
2.154779430338018553e+00
1.855323606125945712e+00
1.587715015593800683e+00
1.354700029708004294e+00
1.156002937231278116e+00
9.893811627693737121e-01
8.515294961517863026e-01
7.387412563261224197e-01
6.473406645922538116e-01
5.739377007559052224e-01
5.155585696572689836e-01
4.696946722880415703e-01
4.343014119103320025e-01
4.077687892612189002e-01
3.888789188529149787e-01
3.767607291698981675e-01
3.708485424013727161e-01
0.000000000000000000e+00
