0.000000000000000000e+00
4.231517416419042221e-01
4.289068223837176896e-01
4.406348701326604500e-01
4.587971552846246137e-01
4.841300857292035187e-01
5.176911930270120532e-01
5.609204908970741865e-01
6.157154093114780569e-01
6.845109311479751213e-01
7.703465556531428060e-01
8.768895121621407274e-01
1.008369822147415107e+00
1.169366805913528262e+00
1.364369258040020627e+00
1.597021728987761735e+00
1.868995866468454725e+00
2.178546771267590110e+00
2.519093456241809914e+00
-5.931823624798816530e-01
-3.246312913044661630e-01
-1.757169205297180181e-01
-9.328782176942156112e-02
-4.777364908113387182e-02
-2.270913468683120537e-02
-8.943252621126942040e-03
-1.403747267920200242e-03
2.712206164874315581e-03
4.947476711653886992e-03
6.145820837721062413e-03
6.760953443673620514e-03
7.023239826674883626e-03
7.023239826674883626e-03
6.760953443673620514e-03
6.145820837721062413e-03
4.947476711653886992e-03
2.712206164874315581e-03
-1.403747267920200242e-03
-8.943252621126942040e-03
-2.270913468683120537e-02
-4.777364908113387182e-02
-9.328782176942156112e-02
-1.757169205297180181e-01
-3.246312913044661630e-01
-5.931823624798816530e-01
2.519093456241809914e+00
2.178546771267590110e+00
1.868995866468454725e+00
1.597021728987761735e+00
1.364369258040020627e+00
1.169366805913528262e+00
1.008369822147415107e+00
8.768895121621407274e-01
7.703465556531428060e-01
6.845109311479751213e-01
6.157154093114780569e-01
5.609204908970741865e-01
5.176911930270120532e-01
4.841300857292035187e-01
4.587971552846246137e-01
4.406348701326604500e-01
4.289068223837176896e-01
4.231517416419042221e-01
0.000000000000000000e+00
