3.14216
3.14245
3.14259
3.14267
3.14271
3.14273
3.14274
3.14274
3.14275
3.14275
3.14275
3.14275
3.14275
3.14275
3.14275
3.14275
3.14275
3.14431
-0.000620839
0.000893625
0.00151055
0.00176187
0.00186424
0.00190594
0.00192293
0.00192985
0.00193267
0.00193382
0.00193429
0.00193448
0.00193455
0.00193459
0.0019346
0.0019346
0.00193461
0.00193461
0.00193461
0.00193461
0.00193461
0.00193461
0.00193461
0.00193461
0.00193461
3.14172
3.1417
3.14221
3.14247
3.14261
3.14268
3.14271
3.14273
3.14274
3.14275
3.14275
3.14275
3.14275
3.14275
3.14275
3.14275
3.14275
3.14275
3.14275
