0.000000000000000000e+00
4.614177127396250633e-01
4.716088842709755813e-01
4.923587218335553350e-01
5.242015843371364836e-01
5.678113088068653669e-01
6.239603553813642955e-01
6.934632421322481921e-01
7.771023312754098411e-01
8.755348443244934664e-01
9.891814246119454701e-01
1.118096469995281339e+00
1.261825662707121376e+00
1.419260827341181974e+00
1.588503843145345984e+00
1.766696613815863737e+00
1.949938030126127542e+00
2.133252872020491075e+00
2.310572458838238585e+00
-8.209486700195642861e-01
-6.652477370588302241e-01
-5.276349221611741358e-01
-4.099161270706718208e-01
-3.118385011135375584e-01
-2.319263445815431257e-01
-1.680941027272111199e-01
-1.180716714731527839e-01
-7.968475392297534599e-02
-5.103212536796995769e-02
-3.059650082571215360e-02
-1.731891719923096123e-02
-1.065940819148730907e-02
-1.065940819148730907e-02
-1.731891719923096123e-02
-3.059650082571215360e-02
-5.103212536796995769e-02
-7.968475392297534599e-02
-1.180716714731527839e-01
-1.680941027272111199e-01
-2.319263445815431257e-01
-3.118385011135375584e-01
-4.099161270706718208e-01
-5.276349221611741358e-01
-6.652477370588302241e-01
-8.209486700195642861e-01
2.310572458838238585e+00
2.133252872020491075e+00
1.949938030126127542e+00
1.766696613815863737e+00
1.588503843145345984e+00
1.419260827341181974e+00
1.261825662707121376e+00
1.118096469995281339e+00
9.891814246119454701e-01
8.755348443244934664e-01
7.771023312754098411e-01
6.934632421322481921e-01
6.239603553813642955e-01
5.678113088068653669e-01
5.242015843371364836e-01
4.923587218335553350e-01
4.716088842709755813e-01
4.614177127396250633e-01
0.000000000000000000e+00
