0.000000000000000000e+00
3.659203883718350481e-01
3.718857675166033494e-01
3.841218092585645949e-01
4.032088998876754427e-01
4.300347464110958473e-01
4.658333322199582072e-01
5.122264273584751226e-01
5.712609689306127336e-01
6.454322638074456719e-01
7.376783045744571554e-01
8.513239249429271904e-01
9.899445801848265614e-01
1.157108795203741769e+00
1.355949484198360588e+00
1.588518007546163124e+00
1.854912774459704261e+00
2.152277201241053817e+00
2.473942997194039872e+00
-6.402092949911483144e-01
-3.722634634192392156e-01
-2.139979639475799722e-01
-1.209030124030827796e-01
-6.635188635014155345e-02
-3.450362313235158518e-02
-1.597680914541666636e-02
-5.239369452643298508e-03
9.563576880078832141e-04
4.506507835173643658e-03
6.507910865295046116e-03
7.580996044591972044e-03
8.053059907551084196e-03
8.053059907551084196e-03
7.580996044591972044e-03
6.507910865295046116e-03
4.506507835173643658e-03
9.563576880078832141e-04
-5.239369452643298508e-03
-1.597680914541666636e-02
-3.450362313235158518e-02
-6.635188635014155345e-02
-1.209030124030827796e-01
-2.139979639475799722e-01
-3.722634634192392156e-01
-6.402092949911483144e-01
2.473942997194039872e+00
2.152277201241053817e+00
1.854912774459704261e+00
1.588518007546163124e+00
1.355949484198360588e+00
1.157108795203741769e+00
9.899445801848265614e-01
8.513239249429271904e-01
7.376783045744571554e-01
6.454322638074456719e-01
5.712609689306127336e-01
5.122264273584751226e-01
4.658333322199582072e-01
4.300347464110958473e-01
4.032088998876754427e-01
3.841218092585645949e-01
3.718857675166033494e-01
3.659203883718350481e-01
0.000000000000000000e+00
