0.000000000000000000e+00
4.135779765953073728e-01
4.193332799584760795e-01
4.310712857966351730e-01
4.492666248716447042e-01
4.746742386525354962e-01
5.083765973098250956e-01
5.518452053574437466e-01
6.070128496794459094e-01
6.763466685465799877e-01
7.629035193313372654e-01
8.703387703862000002e-01
1.002827198610746207e+00
1.164839321153964491e+00
1.360699564939687134e+00
1.593843934022259878e+00
1.865722845711332623e+00
2.174414669182597404e+00
2.513283444343398898e+00
-5.991790377458263706e-01
-3.302888143872996785e-01
-1.800697669173446647e-01
-9.631769458465676281e-02
-4.974557634487663388e-02
-2.391973080864050194e-02
-9.638358817932464462e-03
-1.763690446985411841e-03
2.563710469609439303e-03
4.928920621862841432e-03
6.204610701812210936e-03
6.862917995945101192e-03
7.144696361775869538e-03
7.144696361775869538e-03
6.862917995945101192e-03
6.204610701812210936e-03
4.928920621862841432e-03
2.563710469609439303e-03
-1.763690446985411841e-03
-9.638358817932464462e-03
-2.391973080864050194e-02
-4.974557634487663388e-02
-9.631769458465676281e-02
-1.800697669173446647e-01
-3.302888143872996785e-01
-5.991790377458263706e-01
2.513283444343398898e+00
2.174414669182597404e+00
1.865722845711332623e+00
1.593843934022259878e+00
1.360699564939687134e+00
1.164839321153964491e+00
1.002827198610746207e+00
8.703387703862000002e-01
7.629035193313372654e-01
6.763466685465799877e-01
6.070128496794459094e-01
5.518452053574437466e-01
5.083765973098250956e-01
4.746742386525354962e-01
4.492666248716447042e-01
4.310712857966351730e-01
4.193332799584760795e-01
4.135779765953073728e-01
0.000000000000000000e+00
