0.000000000000000000e+00
5.754165960362410681e-01
5.871105612457465650e-01
6.107824044335186109e-01
6.467847388203512571e-01
6.954976825856716838e-01
7.572735975510106465e-01
8.323679873234404170e-01
9.208578648147617285e-01
1.022550523687660196e+00
1.136887414503219285e+00
1.262848892742358231e+00
1.398865096439142697e+00
1.542735573762572310e+00
1.691555472336184973e+00
1.841639589777379626e+00
1.988428135162610744e+00
2.126350285337658796e+00
2.248613447183497094e+00
-8.919684901785575049e-01
-8.353322404452937500e-01
-7.508841384649613815e-01
-6.565924985187712171e-01
-5.599677375046097083e-01
-4.664763443908045981e-01
-3.799225083913395640e-01
-3.028001958395346582e-01
-2.366383546151440698e-01
-1.823387357323277003e-01
-1.404953648033641367e-01
-1.116813863601275880e-01
-9.668722017011349701e-02
-9.668722017011349701e-02
-1.116813863601275880e-01
-1.404953648033641367e-01
-1.823387357323277003e-01
-2.366383546151440698e-01
-3.028001958395346582e-01
-3.799225083913395640e-01
-4.664763443908045981e-01
-5.599677375046097083e-01
-6.565924985187712171e-01
-7.508841384649613815e-01
-8.353322404452937500e-01
-8.919684901785575049e-01
2.248613447183497094e+00
2.126350285337658796e+00
1.988428135162610744e+00
1.841639589777379626e+00
1.691555472336184973e+00
1.542735573762572310e+00
1.398865096439142697e+00
1.262848892742358231e+00
1.136887414503219285e+00
1.022550523687660196e+00
9.208578648147617285e-01
8.323679873234404170e-01
7.572735975510106465e-01
6.954976825856716838e-01
6.467847388203512571e-01
6.107824044335186109e-01
5.871105612457465650e-01
5.754165960362410681e-01
0.000000000000000000e+00
