0.000000000000000000e+00
7.740471865389503270e-01
7.872613250137064922e-01
8.137911083707438653e-01
8.536544625910499340e-01
9.067367611376327963e-01
9.727341500737700652e-01
1.051092743747528369e+00
1.140947901292186373e+00
1.241067380884143923e+00
1.349799402947147620e+00
1.465023131534261225e+00
1.584094978744327253e+00
1.703775154535388747e+00
1.820115782047480923e+00
1.928287565987861552e+00
2.022299041557771293e+00
2.094582534831733511e+00
2.135378269446714938e+00
-1.022340050110411402e+00
-1.188219042570808570e+00
-1.276857861745670730e+00
-1.304911145037119358e+00
-1.286605831468687455e+00
-1.234363504665193734e+00
-1.157869009365706248e+00
-1.067162068175964817e+00
-9.694600171317896420e-01
-8.756710682765127540e-01
-7.948649351725342038e-01
-7.307765580910675629e-01
-6.964525654036447522e-01
-6.964525654036447522e-01
-7.307765580910675629e-01
-7.948649351725342038e-01
-8.756710682765127540e-01
-9.694600171317896420e-01
-1.067162068175964817e+00
-1.157869009365706248e+00
-1.234363504665193734e+00
-1.286605831468687455e+00
-1.304911145037119358e+00
-1.276857861745670730e+00
-1.188219042570808570e+00
-1.022340050110411402e+00
2.135378269446714938e+00
2.094582534831733511e+00
2.022299041557771293e+00
1.928287565987861552e+00
1.820115782047480923e+00
1.703775154535388747e+00
1.584094978744327253e+00
1.465023131534261225e+00
1.349799402947147620e+00
1.241067380884143923e+00
1.140947901292186373e+00
1.051092743747528369e+00
9.727341500737700652e-01
9.067367611376327963e-01
8.536544625910499340e-01
8.137911083707438653e-01
7.872613250137064922e-01
7.740471865389503270e-01
0.000000000000000000e+00
