0.000000000000000000e+00
6.321638769925121970e-01
6.444066136916963838e-01
6.691276021193008905e-01
7.065848724894883137e-01
7.570136697856295616e-01
8.205680669632542390e-01
8.972510392587318417e-01
9.868359755067059869e-01
1.088783917694459813e+00
1.202161476968249154e+00
1.325563754000944616e+00
1.457044196126606517e+00
1.594048983902104366e+00
1.733347537654143622e+00
1.870943719264701599e+00
2.001890182192721301e+00
2.120090122511292030e+00
2.218012134122119061e+00
-9.272558066543556965e-01
-9.284038590029392024e-01
-8.864841532180267603e-01
-8.172338766281666000e-01
-7.279905097549780324e-01
-6.335545308953196564e-01
-5.395990020780423446e-01
-4.507051342841580932e-01
-3.705107799202157493e-01
-3.019110999736038803e-01
-2.472958538587238242e-01
-2.087943350033804046e-01
-1.884816082592382092e-01
-1.884816082592382092e-01
-2.087943350033804046e-01
-2.472958538587238242e-01
-3.019110999736038803e-01
-3.705107799202157493e-01
-4.507051342841580932e-01
-5.395990020780423446e-01
-6.335545308953196564e-01
-7.279905097549780324e-01
-8.172338766281666000e-01
-8.864841532180267603e-01
-9.284038590029392024e-01
-9.272558066543556965e-01
2.218012134122119061e+00
2.120090122511292030e+00
2.001890182192721301e+00
1.870943719264701599e+00
1.733347537654143622e+00
1.594048983902104366e+00
1.457044196126606517e+00
1.325563754000944616e+00
1.202161476968249154e+00
1.088783917694459813e+00
9.868359755067059869e-01
8.972510392587318417e-01
8.205680669632542390e-01
7.570136697856295616e-01
7.065848724894883137e-01
6.691276021193008905e-01
6.444066136916963838e-01
6.321638769925121970e-01
0.000000000000000000e+00
