0.000000000000000000e+00
5.507901264675706399e-01
5.568134299493365802e-01
5.690261267923014676e-01
5.878163534963870562e-01
6.138104988078704194e-01
6.479009108987140442e-01
6.912864089167055637e-01
7.455273375548885362e-01
8.126160277219791617e-01
8.950599893057961109e-01
9.959680099400017861e-01
1.119116924022355741e+00
1.268956077709455954e+00
1.450473704273597786e+00
1.668804388371348146e+00
1.928242360914732334e+00
2.230175834127951617e+00
2.570471675941529810e+00
-5.406581973824954312e-01
-2.790581558172417487e-01
-1.426138794979842084e-01
-7.136114568423099214e-02
-3.415494343311206715e-02
-1.473013577207815672e-02
-4.588722793994181107e-03
7.063904292856714546e-04
3.470131482904639450e-03
4.908970175558848188e-03
5.650047984779521006e-03
6.016276717702786180e-03
6.167213212043407521e-03
6.167213212043407521e-03
6.016276717702786180e-03
5.650047984779521006e-03
4.908970175558848188e-03
3.470131482904639450e-03
7.063904292856714546e-04
-4.588722793994181107e-03
-1.473013577207815672e-02
-3.415494343311206715e-02
-7.136114568423099214e-02
-1.426138794979842084e-01
-2.790581558172417487e-01
-5.406581973824954312e-01
2.570471675941529810e+00
2.230175834127951617e+00
1.928242360914732334e+00
1.668804388371348146e+00
1.450473704273597786e+00
1.268956077709455954e+00
1.119116924022355741e+00
9.959680099400017861e-01
8.950599893057961109e-01
8.126160277219791617e-01
7.455273375548885362e-01
6.912864089167055637e-01
6.479009108987140442e-01
6.138104988078704194e-01
5.878163534963870562e-01
5.690261267923014676e-01
5.568134299493365802e-01
5.507901264675706399e-01
0.000000000000000000e+00
