0.000000000000000000e+00
5.583518824134117153e-01
5.698587781783418516e-01
5.931702704509054236e-01
6.286670072537480225e-01
6.767729409507035054e-01
7.379014182077642259e-01
8.123870123247061148e-01
9.004038866676032926e-01
1.001872834392235179e+00
1.116361149628163574e+00
1.242981245855466543e+00
1.380294246991852658e+00
1.526222833505994636e+00
1.677973285301737727e+00
1.831960371701909951e+00
1.983721285193936312e+00
2.127796917990655956e+00
2.257550547909668026e+00
-8.814741530009696513e-01
-8.087315151240346278e-01
-7.143255038696174619e-01
-6.147432092178860552e-01
-5.164070139943043314e-01
-4.238598666943574900e-01
-3.400750625380530856e-01
-2.668031048983935949e-01
-2.049270108470293283e-01
-1.548041807671389491e-01
-1.165791005446969592e-01
-9.045646383615642272e-02
-7.692590297865034565e-02
-7.692590297865034565e-02
-9.045646383615642272e-02
-1.165791005446969592e-01
-1.548041807671389491e-01
-2.049270108470293283e-01
-2.668031048983935949e-01
-3.400750625380530856e-01
-4.238598666943574900e-01
-5.164070139943043314e-01
-6.147432092178860552e-01
-7.143255038696174619e-01
-8.087315151240346278e-01
-8.814741530009696513e-01
2.257550547909668026e+00
2.127796917990655956e+00
1.983721285193936312e+00
1.831960371701909951e+00
1.677973285301737727e+00
1.526222833505994636e+00
1.380294246991852658e+00
1.242981245855466543e+00
1.116361149628163574e+00
1.001872834392235179e+00
9.004038866676032926e-01
8.123870123247061148e-01
7.379014182077642259e-01
6.767729409507035054e-01
6.286670072537480225e-01
5.931702704509054236e-01
5.698587781783418516e-01
5.583518824134117153e-01
0.000000000000000000e+00
