0.000000000000000000e+00
1.744301847694316621e+00
1.755245444312284242e+00
1.776404561414613559e+00
1.806697159724030888e+00
1.844682418709207683e+00
1.888559805144582882e+00
1.936162551656586794e+00
1.984934367181830028e+00
2.031878058092186912e+00
2.073466412185344776e+00
2.105509188829903344e+00
2.122975284270091745e+00
2.119776403604744175e+00
2.088529534558340117e+00
2.020335090758240248e+00
1.904647176943469189e+00
1.729394066633725746e+00
1.481662660371209750e+00
4.564744277192598787e+00
3.942454926032107565e+00
3.599212571782007597e+00
3.408249755421277172e+00
3.301573228194932597e+00
3.241796209817432661e+00
3.208210742843605967e+00
3.189302942142340669e+00
3.178653636458926623e+00
3.172679161005508064e+00
3.169382705911667486e+00
3.167663912370473511e+00
3.166939364831644621e+00
3.166939364831644621e+00
3.167663912370473511e+00
3.169382705911667486e+00
3.172679161005508064e+00
3.178653636458926623e+00
3.189302942142340669e+00
3.208210742843605967e+00
3.241796209817432661e+00
3.301573228194932597e+00
3.408249755421277172e+00
3.599212571782007597e+00
3.942454926032107565e+00
4.564744277192598787e+00
1.481662660371209750e+00
1.729394066633725746e+00
1.904647176943469189e+00
2.020335090758240248e+00
2.088529534558340117e+00
2.119776403604744175e+00
2.122975284270091745e+00
2.105509188829903344e+00
2.073466412185344776e+00
2.031878058092186912e+00
1.984934367181830028e+00
1.936162551656586794e+00
1.888559805144582882e+00
1.844682418709207683e+00
1.806697159724030888e+00
1.776404561414613559e+00
1.755245444312284242e+00
1.744301847694316621e+00
0.000000000000000000e+00
