0.000000000000000000e+00
4.447173451653292364e-01
4.504923032443798325e-01
4.622429615133382685e-01
4.804065917559352528e-01
5.056857723285936856e-01
5.390910949369893679e-01
5.819996037681954837e-01
6.362298148490131977e-01
7.041305373635288190e-01
7.886699563750283470e-01
8.934932257690579860e-01
1.022896116821540691e+00
1.181642679087768544e+00
1.374537262039454921e+00
1.605651671955708570e+00
1.877133571166262893e+00
2.187645266114912168e+00
2.530781593069298285e+00
-5.811590548659388844e-01
-3.135883627378739935e-01
-1.673640788099307886e-01
-8.755498830057119319e-02
-4.409105184707473590e-02
-2.047804906027863442e-02
-7.681241802000174715e-03
-7.637660714983928508e-04
2.964448484525096864e-03
4.964093859502073831e-03
6.023579908068794897e-03
6.561826625893324785e-03
6.789579361142079363e-03
6.789579361142079363e-03
6.561826625893324785e-03
6.023579908068794897e-03
4.964093859502073831e-03
2.964448484525096864e-03
-7.637660714983928508e-04
-7.681241802000174715e-03
-2.047804906027863442e-02
-4.409105184707473590e-02
-8.755498830057119319e-02
-1.673640788099307886e-01
-3.135883627378739935e-01
-5.811590548659388844e-01
2.530781593069298285e+00
2.187645266114912168e+00
1.877133571166262893e+00
1.605651671955708570e+00
1.374537262039454921e+00
1.181642679087768544e+00
1.022896116821540691e+00
8.934932257690579860e-01
7.886699563750283470e-01
7.041305373635288190e-01
6.362298148490131977e-01
5.819996037681954837e-01
5.390910949369893679e-01
5.056857723285936856e-01
4.804065917559352528e-01
4.622429615133382685e-01
4.504923032443798325e-01
4.447173451653292364e-01
0.000000000000000000e+00
