0.000000000000000000e+00
1.533709342721184754e+00
1.546097189716109543e+00
1.570266058590908065e+00
1.605254755544844203e+00
1.649737565551047336e+00
1.702022235957874718e+00
1.760048256054070004e+00
1.821374367273653316e+00
1.883142001387912989e+00
1.942000933864223011e+00
1.993985579192173896e+00
2.034335563656786583e+00
2.057262848933239852e+00
2.055680307757659531e+00
2.020925151638879314e+00
1.942540804776960117e+00
1.808237191740737604e+00
1.604260050668423254e+00
4.689128416964917889e+00
4.055226144755945228e+00
3.691812534512413091e+00
3.483142072923700816e+00
3.363224348822526633e+00
3.294274844906424082e+00
3.254632751385864164e+00
3.231861570934472905e+00
3.218812559360935577e+00
3.211379963989088537e+00
3.207219837301055421e+00
3.205018334733900076e+00
3.204075756916064499e+00
3.204075756916064499e+00
3.205018334733900076e+00
3.207219837301055421e+00
3.211379963989088537e+00
3.218812559360935577e+00
3.231861570934472905e+00
3.254632751385864164e+00
3.294274844906424082e+00
3.363224348822526633e+00
3.483142072923700816e+00
3.691812534512413091e+00
4.055226144755945228e+00
4.689128416964917889e+00
1.604260050668423254e+00
1.808237191740737604e+00
1.942540804776960117e+00
2.020925151638879314e+00
2.055680307757659531e+00
2.057262848933239852e+00
2.034335563656786583e+00
1.993985579192173896e+00
1.942000933864223011e+00
1.883142001387912989e+00
1.821374367273653316e+00
1.760048256054070004e+00
1.702022235957874718e+00
1.649737565551047336e+00
1.605254755544844203e+00
1.570266058590908065e+00
1.546097189716109543e+00
1.533709342721184754e+00
0.000000000000000000e+00
