0.000000000000000000e+00
1.673938711950269997e+00
1.673938711950269997e+00
1.673938711950269997e+00
1.673938711950269997e+00
1.673938711950269997e+00
1.673938711950269997e+00
1.673938711950269997e+00
1.673938711950269997e+00
1.673938711950269997e+00
1.673938711950269997e+00
1.673938711950269997e+00
1.673938711950269997e+00
1.673938711950269997e+00
1.673938711950269997e+00
1.673938711950269997e+00
1.673938711950269997e+00
2.383233381228256231e+00
2.991641281873259839e+00
-1.482382227664517937e-01
-1.162724994058091377e-01
-8.642477689107432026e-02
-6.126026832920049986e-02
-4.124436874823645544e-02
-2.591257837330658564e-02
-1.447459590164736250e-02
-6.106336408483793200e-03
-7.509889580103321018e-05
4.220390131343561974e-03
7.250254488078624639e-03
9.370362623872230054e-03
1.072831248901277845e-02
1.072831248901277845e-02
9.370362623872230054e-03
7.250254488078624639e-03
4.220390131343561974e-03
-7.509889580103321018e-05
-6.106336408483793200e-03
-1.447459590164736250e-02
-2.591257837330658564e-02
-4.124436874823645544e-02
-6.126026832920049986e-02
-8.642477689107432026e-02
-1.162724994058091377e-01
-1.482382227664517937e-01
2.991641281873259839e+00
2.383233381228256231e+00
1.673938711950269997e+00
1.673938711950269997e+00
1.673938711950269997e+00
1.673938711950269997e+00
1.673938711950269997e+00
1.673938711950269997e+00
1.673938711950269997e+00
1.673938711950269997e+00
1.673938711950269997e+00
1.673938711950269997e+00
1.673938711950269997e+00
1.673938711950269997e+00
1.673938711950269997e+00
1.673938711950269997e+00
1.673938711950269997e+00
1.673938711950269997e+00
0.000000000000000000e+00
