0.000000000000000000e+00
3.637272156852237037e-01
3.716993487766070414e-01
3.880520228031820729e-01
4.134527631425014560e-01
4.488256661069331965e-01
4.953420302626713179e-01
5.543998865755906946e-01
6.275868957552824812e-01
7.166197389426215425e-01
8.232518702661754117e-01
9.491407385900567650e-01
1.095666131177966962e+00
1.263694516354396447e+00
1.453292100883778470e+00
1.663403734068745532e+00
1.891536154341227460e+00
2.133508204001572039e+00
2.383345833513498491e+00
-7.384507124696221281e-01
-5.073266258150660457e-01
-3.434279704290023050e-01
-2.286870694115570868e-01
-1.491818719975942786e-01
-9.458000276527574190e-02
-5.738882970508652620e-02
-3.226670144895731757e-02
-1.546235768822922657e-02
-4.385239816937266943e-03
2.709748543787421013e-03
6.942252744981637462e-03
8.947254770638216406e-03
8.947254770638216406e-03
6.942252744981637462e-03
2.709748543787421013e-03
-4.385239816937266943e-03
-1.546235768822922657e-02
-3.226670144895731757e-02
-5.738882970508652620e-02
-9.458000276527574190e-02
-1.491818719975942786e-01
-2.286870694115570868e-01
-3.434279704290023050e-01
-5.073266258150660457e-01
-7.384507124696221281e-01
2.383345833513498491e+00
2.133508204001572039e+00
1.891536154341227460e+00
1.663403734068745532e+00
1.453292100883778470e+00
1.263694516354396447e+00
1.095666131177966962e+00
9.491407385900567650e-01
8.232518702661754117e-01
7.166197389426215425e-01
6.275868957552824812e-01
5.543998865755906946e-01
4.953420302626713179e-01
4.488256661069331965e-01
4.134527631425014560e-01
3.880520228031820729e-01
3.716993487766070414e-01
3.637272156852237037e-01
0.000000000000000000e+00
