0.000000000000000000e+00
4.303943081445150143e-01
4.400372860253803364e-01
4.597088938307921646e-01
4.899897016261048344e-01
5.316334871295893549e-01
5.855331664024526761e-01
6.526713959824315126e-01
7.340527659037074937e-01
8.306148450086544566e-01
9.431163423896197218e-01
1.072002526813439438e+00
1.217250948089952045e+00
1.378204379913950950e+00
1.553384781452295416e+00
1.740333207285705175e+00
1.935493986100782271e+00
2.134148782588705107e+00
2.329970621874925207e+00
-7.990128100257993804e-01
-6.200179857524710236e-01
-4.719944073428549158e-01
-3.525209070923278620e-01
-2.580080430135434644e-01
-1.845215361843913771e-01
-1.282702018752225892e-01
-8.586756025134099912e-02
-5.445091965976326526e-02
-3.171831590948868268e-02
-1.592551647826744368e-02
-5.872211500355093740e-03
-8.973917945388336934e-04
-8.973917945388336934e-04
-5.872211500355093740e-03
-1.592551647826744368e-02
-3.171831590948868268e-02
-5.445091965976326526e-02
-8.586756025134099912e-02
-1.282702018752225892e-01
-1.845215361843913771e-01
-2.580080430135434644e-01
-3.525209070923278620e-01
-4.719944073428549158e-01
-6.200179857524710236e-01
-7.990128100257993804e-01
2.329970621874925207e+00
2.134148782588705107e+00
1.935493986100782271e+00
1.740333207285705175e+00
1.553384781452295416e+00
1.378204379913950950e+00
1.217250948089952045e+00
1.072002526813439438e+00
9.431163423896197218e-01
8.306148450086544566e-01
7.340527659037074937e-01
6.526713959824315126e-01
5.855331664024526761e-01
5.316334871295893549e-01
4.899897016261048344e-01
4.597088938307921646e-01
4.400372860253803364e-01
4.303943081445150143e-01
0.000000000000000000e+00
