0.000000000000000000e+00
3.782967844847373029e-01
3.867401159658511167e-01
4.040338749939720309e-01
4.308293664200922302e-01
4.680138105468880094e-01
5.166933787979369752e-01
5.781635167825122101e-01
6.538615449570943650e-01
7.452956602216788129e-01
8.539439312542762561e-01
9.811171188452746383e-01
1.127780866494185741e+00
1.294336993758033127e+00
1.480371391330618902e+00
1.684387965883060723e+00
1.903563078471091519e+00
2.133568452637884860e+00
2.368513954220772710e+00
-7.550772794862091741e-01
-5.365177466319287491e-01
-3.752457564165239123e-01
-2.580452255148639185e-01
-1.739176728740783884e-01
-1.141712463120108934e-01
-7.215474976945111807e-02
-4.289661264755521147e-02
-2.275534513821741642e-02
-9.121272323940480056e-03
-1.810547979497803257e-04
5.254620374938876598e-03
7.862988616390665514e-03
7.862988616390665514e-03
5.254620374938876598e-03
-1.810547979497803257e-04
-9.121272323940480056e-03
-2.275534513821741642e-02
-4.289661264755521147e-02
-7.215474976945111807e-02
-1.141712463120108934e-01
-1.739176728740783884e-01
-2.580452255148639185e-01
-3.752457564165239123e-01
-5.365177466319287491e-01
-7.550772794862091741e-01
2.368513954220772710e+00
2.133568452637884860e+00
1.903563078471091519e+00
1.684387965883060723e+00
1.480371391330618902e+00
1.294336993758033127e+00
1.127780866494185741e+00
9.811171188452746383e-01
8.539439312542762561e-01
7.452956602216788129e-01
6.538615449570943650e-01
5.781635167825122101e-01
5.166933787979369752e-01
4.680138105468880094e-01
4.308293664200922302e-01
4.040338749939720309e-01
3.867401159658511167e-01
3.782967844847373029e-01
0.000000000000000000e+00
