0.000000000000000000e+00
5.122284418169971154e-01
5.231694829620923137e-01
5.453844860453559429e-01
5.793285858415229139e-01
6.255445041073977031e-01
6.846136855609971095e-01
7.570920518151117440e-01
8.434299407166984119e-01
9.438771849694957972e-01
1.058376220063015571e+00
1.186444789838333902e+00
1.327055095311434840e+00
1.478519725590375922e+00
1.638392521431535576e+00
1.803386084076038731e+00
1.969299391270195709e+00
2.130940356524367196e+00
2.282019483065252263e+00
-8.534661165245720493e-01
-7.377309896216678320e-01
-6.214087938236690922e-01
-5.111414760674072300e-01
-4.109758008928274253e-01
-3.230017761475025839e-01
-2.479176804087100117e-01
-1.855143821537046378e-01
-1.350758849769299330e-01
-9.570072377787436357e-02
-6.655557109183322939e-02
-4.707561847217359152e-02
-3.712506329880077560e-02
-3.712506329880077560e-02
-4.707561847217359152e-02
-6.655557109183322939e-02
-9.570072377787436357e-02
-1.350758849769299330e-01
-1.855143821537046378e-01
-2.479176804087100117e-01
-3.230017761475025839e-01
-4.109758008928274253e-01
-5.111414760674072300e-01
-6.214087938236690922e-01
-7.377309896216678320e-01
-8.534661165245720493e-01
2.282019483065252263e+00
2.130940356524367196e+00
1.969299391270195709e+00
1.803386084076038731e+00
1.638392521431535576e+00
1.478519725590375922e+00
1.327055095311434840e+00
1.186444789838333902e+00
1.058376220063015571e+00
9.438771849694957972e-01
8.434299407166984119e-01
7.570920518151117440e-01
6.846136855609971095e-01
6.255445041073977031e-01
5.793285858415229139e-01
5.453844860453559429e-01
5.231694829620923137e-01
5.122284418169971154e-01
0.000000000000000000e+00
