0.000000000000000000e+00
8.612743149114739927e-01
8.748551342291619459e-01
9.020304105507741532e-01
9.426731750159760281e-01
9.964683741190555333e-01
1.062861632676559864e+00
1.141007925693822367e+00
1.229723483823469632e+00
1.327442663801891687e+00
1.432178043301365111e+00
1.541477291551992312e+00
1.652365039454793072e+00
1.761250299057368407e+00
1.863774682770009017e+00
1.954568732763772410e+00
2.026883004998645710e+00
2.072053965783335006e+00
2.078784294711760072e+00
-1.086972780112532622e+00
-1.362747875695599076e+00
-1.537407858776788760e+00
4.650478184980990193e+00
4.615004881400441406e+00
4.623742621224081084e+00
4.664100787253828706e+00
-1.557828481953156707e+00
-1.484958125927107631e+00
-1.410026079460523940e+00
-1.342983801705372571e+00
-1.293126373900631565e+00
-1.267202186967141486e+00
-1.267202186967141486e+00
-1.293126373900631565e+00
-1.342983801705372571e+00
-1.410026079460523940e+00
-1.484958125927107631e+00
-1.557828481953156707e+00
4.664100787253828706e+00
4.623742621224081084e+00
4.615004881400441406e+00
4.650478184980990193e+00
-1.537407858776788760e+00
-1.362747875695599076e+00
-1.086972780112532622e+00
2.078784294711760072e+00
2.072053965783335006e+00
2.026883004998645710e+00
1.954568732763772410e+00
1.863774682770009017e+00
1.761250299057368407e+00
1.652365039454793072e+00
1.541477291551992312e+00
1.432178043301365111e+00
1.327442663801891687e+00
1.229723483823469632e+00
1.141007925693822367e+00
1.062861632676559864e+00
9.964683741190555333e-01
9.426731750159760281e-01
9.020304105507741532e-01
8.748551342291619459e-01
8.612743149114739927e-01
0.000000000000000000e+00
