0.000000000000000000e+00
3.454314636528839633e-01
3.521896700278184800e-01
3.660892981993500994e-01
3.877970849040464629e-01
4.182783479766547519e-01
4.588111770238461617e-01
5.109952487857766235e-01
5.767489552314980505e-01
6.582861076334455275e-01
7.580602821877775455e-01
8.786609158338124503e-01
1.022641065926554349e+00
1.192253999474818027e+00
1.389078340119932031e+00
1.613526381567484513e+00
1.864266815828975909e+00
2.137657405495466456e+00
2.427362372143920144e+00
-6.899935457621869661e-01
-4.333553661171332116e-01
-2.687522335422151132e-01
-1.639935568389452036e-01
-9.773396916106329158e-02
-5.605542326073471165e-02
-2.997568555382663577e-02
-1.374384118867301094e-02
-3.705374955356737290e-03
2.441402152069457789e-03
6.125348404930296836e-03
8.205659272346095892e-03
9.154673753711980305e-03
9.154673753711980305e-03
8.205659272346095892e-03
6.125348404930296836e-03
2.441402152069457789e-03
-3.705374955356737290e-03
-1.374384118867301094e-02
-2.997568555382663577e-02
-5.605542326073471165e-02
-9.773396916106329158e-02
-1.639935568389452036e-01
-2.687522335422151132e-01
-4.333553661171332116e-01
-6.899935457621869661e-01
2.427362372143920144e+00
2.137657405495466456e+00
1.864266815828975909e+00
1.613526381567484513e+00
1.389078340119932031e+00
1.192253999474818027e+00
1.022641065926554349e+00
8.786609158338124503e-01
7.580602821877775455e-01
6.582861076334455275e-01
5.767489552314980505e-01
5.109952487857766235e-01
4.588111770238461617e-01
4.182783479766547519e-01
3.877970849040464629e-01
3.660892981993500994e-01
3.521896700278184800e-01
3.454314636528839633e-01
0.000000000000000000e+00
