0.000000000000000000e+00
1.851014806434513105e+00
1.861084462040309528e+00
1.880454246017460695e+00
1.908008185285802183e+00
1.942279660181877032e+00
1.981448502166358816e+00
2.023330016005443710e+00
2.065345526683096011e+00
2.104464504926275570e+00
2.137110266085529453e+00
2.159024514762631242e+00
2.165090609481669759e+00
2.149122073586247517e+00
2.103634180641466234e+00
2.019638955708944028e+00
1.886551579608467533e+00
1.692393831290823103e+00
1.424659076441862515e+00
4.507272963719739067e+00
3.895289116187673706e+00
3.563547766585609011e+00
3.381773470527063008e+00
3.281694093839075066e+00
3.226400316523299505e+00
3.195757797105104547e+00
3.178734757354294782e+00
3.169268676150877262e+00
3.164022017756255689e+00
3.161159517373001382e+00
3.159681650549527543e+00
3.159063374744856212e+00
3.159063374744856212e+00
3.159681650549527543e+00
3.161159517373001382e+00
3.164022017756255689e+00
3.169268676150877262e+00
3.178734757354294782e+00
3.195757797105104547e+00
3.226400316523299505e+00
3.281694093839075066e+00
3.381773470527063008e+00
3.563547766585609011e+00
3.895289116187673706e+00
4.507272963719739067e+00
1.424659076441862515e+00
1.692393831290823103e+00
1.886551579608467533e+00
2.019638955708944028e+00
2.103634180641466234e+00
2.149122073586247517e+00
2.165090609481669759e+00
2.159024514762631242e+00
2.137110266085529453e+00
2.104464504926275570e+00
2.065345526683096011e+00
2.023330016005443710e+00
1.981448502166358816e+00
1.942279660181877032e+00
1.908008185285802183e+00
1.880454246017460695e+00
1.861084462040309528e+00
1.851014806434513105e+00
0.000000000000000000e+00
