0.000000000000000000e+00
3.904979031290532476e-01
3.992706887952174877e-01
4.172199391205883567e-01
4.449816123749149588e-01
4.834118197087471924e-01
5.335648628259497261e-01
5.966576192280776958e-01
6.740157103076794831e-01
7.669963603316563017e-01
8.768828017558648602e-01
1.004745912693389975e+00
1.151271070898991500e+00
1.316552679425924577e+00
1.499866041200370370e+00
1.699436128755741571e+00
1.912233625242066415e+00
2.133836249615411518e+00
2.358391334156360042e+00
-7.664988292129404357e-01
-5.577284515150261468e-01
-3.991373380534364301e-01
-2.807171547625598174e-01
-1.935265581587072292e-01
-1.301046570263339752e-01
-8.448261116858578335e-02
-5.202739636569014836e-02
-2.923346871233253180e-02
-1.351807015301692387e-02
-3.046154687909556711e-03
3.403447031367072551e-03
6.525362049577550227e-03
6.525362049577550227e-03
3.403447031367072551e-03
-3.046154687909556711e-03
-1.351807015301692387e-02
-2.923346871233253180e-02
-5.202739636569014836e-02
-8.448261116858578335e-02
-1.301046570263339752e-01
-1.935265581587072292e-01
-2.807171547625598174e-01
-3.991373380534364301e-01
-5.577284515150261468e-01
-7.664988292129404357e-01
2.358391334156360042e+00
2.133836249615411518e+00
1.912233625242066415e+00
1.699436128755741571e+00
1.499866041200370370e+00
1.316552679425924577e+00
1.151271070898991500e+00
1.004745912693389975e+00
8.768828017558648602e-01
7.669963603316563017e-01
6.740157103076794831e-01
5.966576192280776958e-01
5.335648628259497261e-01
4.834118197087471924e-01
4.449816123749149588e-01
4.172199391205883567e-01
3.992706887952174877e-01
3.904979031290532476e-01
0.000000000000000000e+00
