0.000000000000000000e+00
1.797678955191422512e+00
1.808196328458725910e+00
1.828480490003846937e+00
1.857430159476077147e+00
1.893589008531900708e+00
1.935143911960255814e+00
1.979916312162840919e+00
2.025335866459007761e+00
2.068385748830699811e+00
2.105510842042154884e+00
2.132483485470892948e+00
2.144226365616421326e+00
2.134599044624608588e+00
2.096165642386297989e+00
2.019982061765810855e+00
1.895484559672871550e+00
1.710650930423690541e+00
1.452772882270526811e+00
4.535594250600045285e+00
3.918231423445716288e+00
3.580698122350606027e+00
3.394345307108368903e+00
3.290997267513423807e+00
3.233490425624645503e+00
3.201398917869711092e+00
3.183449567857330909e+00
3.173402722997811676e+00
3.167799243590067260e+00
3.164724295515263464e+00
3.163128723127229147e+00
3.162458673080600136e+00
3.162458673080600136e+00
3.163128723127229147e+00
3.164724295515263464e+00
3.167799243590067260e+00
3.173402722997811676e+00
3.183449567857330909e+00
3.201398917869711092e+00
3.233490425624645503e+00
3.290997267513423807e+00
3.394345307108368903e+00
3.580698122350606027e+00
3.918231423445716288e+00
4.535594250600045285e+00
1.452772882270526811e+00
1.710650930423690541e+00
1.895484559672871550e+00
2.019982061765810855e+00
2.096165642386297989e+00
2.134599044624608588e+00
2.144226365616421326e+00
2.132483485470892948e+00
2.105510842042154884e+00
2.068385748830699811e+00
2.025335866459007761e+00
1.979916312162840919e+00
1.935143911960255814e+00
1.893589008531900708e+00
1.857430159476077147e+00
1.828480490003846937e+00
1.808196328458725910e+00
1.797678955191422512e+00
0.000000000000000000e+00
