0.000000000000000000e+00
3.598330082583300338e-01
3.676546807138453832e-01
3.837058552261430333e-01
4.086576814681358027e-01
4.434440019142857348e-01
4.892545381870049281e-01
5.475175556896640927e-01
6.198663363046664765e-01
7.080822998801844514e-01
8.140061187313991642e-01
9.394070558820253325e-01
1.085800849538561375e+00
1.254209236020483731e+00
1.444861858649229891e+00
1.656856330673909472e+00
1.887815662577830622e+00
2.133610342373966517e+00
2.388232503028081766e+00
-7.330035789301768689e-01
-4.981977125160653719e-01
-3.337403317796645008e-01
-2.199488222465169618e-01
-1.419737978425788527e-01
-8.898883252133954480e-02
-5.326456135738237563e-02
-2.936735645795137892e-02
-1.352966952459527979e-02
-3.179298723658316971e-03
3.399547413120518856e-03
7.299674082093617414e-03
9.139370302236079005e-03
9.139370302236079005e-03
7.299674082093617414e-03
3.399547413120518856e-03
-3.179298723658316971e-03
-1.352966952459527979e-02
-2.936735645795137892e-02
-5.326456135738237563e-02
-8.898883252133954480e-02
-1.419737978425788527e-01
-2.199488222465169618e-01
-3.337403317796645008e-01
-4.981977125160653719e-01
-7.330035789301768689e-01
2.388232503028081766e+00
2.133610342373966517e+00
1.887815662577830622e+00
1.656856330673909472e+00
1.444861858649229891e+00
1.254209236020483731e+00
1.085800849538561375e+00
9.394070558820253325e-01
8.140061187313991642e-01
7.080822998801844514e-01
6.198663363046664765e-01
5.475175556896640927e-01
4.892545381870049281e-01
4.434440019142857348e-01
4.086576814681358027e-01
3.837058552261430333e-01
3.676546807138453832e-01
3.598330082583300338e-01
0.000000000000000000e+00
