0.000000000000000000e+00
1.904137937247962320e+00
1.913741200152955679e+00
1.932162952211742057e+00
1.958277044483296425e+00
1.990611622643827072e+00
2.027344791030391669e+00
2.066291119532770004e+00
2.104869074728368261e+00
2.140040072929983772e+00
2.168211778235511922e+00
2.185101338884982258e+00
2.185558554297052591e+00
2.163355471585048484e+00
2.110960701164547704e+00
2.019341180058936480e+00
1.877886325358834263e+00
1.674655650913486893e+00
1.397341236605735393e+00
4.479792187234258094e+00
3.873514210881195741e+00
3.547587560774215998e+00
3.370328286395976480e+00
3.273438913272643802e+00
3.220288857234901325e+00
3.191041740418415706e+00
3.174906526599096779e+00
3.165994838898595010e+00
3.161087528602218200e+00
3.158426286670493965e+00
3.157059436912291073e+00
3.156489756163020743e+00
3.156489756163020743e+00
3.157059436912291073e+00
3.158426286670493965e+00
3.161087528602218200e+00
3.165994838898595010e+00
3.174906526599096779e+00
3.191041740418415706e+00
3.220288857234901325e+00
3.273438913272643802e+00
3.370328286395976480e+00
3.547587560774215998e+00
3.873514210881195741e+00
4.479792187234258094e+00
1.397341236605735393e+00
1.674655650913486893e+00
1.877886325358834263e+00
2.019341180058936480e+00
2.110960701164547704e+00
2.163355471585048484e+00
2.185558554297052591e+00
2.185101338884982258e+00
2.168211778235511922e+00
2.140040072929983772e+00
2.104869074728368261e+00
2.066291119532770004e+00
2.027344791030391669e+00
1.990611622643827072e+00
1.958277044483296425e+00
1.932162952211742057e+00
1.913741200152955679e+00
1.904137937247962320e+00
0.000000000000000000e+00
