0.000000000000000000e+00
8.308930498301966283e-01
8.443638088938082431e-01
8.713498380664268517e-01
9.117741407471541271e-01
9.653899602011233316e-01
1.031727385794986462e+00
1.110038605793850053e+00
1.199245489913499219e+00
1.297891808758069532e+00
1.404099738884594828e+00
1.515525377442410004e+00
1.629302643991526356e+00
1.741959603215941010e+00
1.849281608987203729e+00
1.946092725650453881e+00
2.025915935306062288e+00
2.080478891467323788e+00
2.099019882552983773e+00
-1.063937599359852548e+00
-1.301435627734508715e+00
-1.446644593382809818e+00
-1.519137016054322942e+00
-1.536197485899354565e+00
-1.512140098480882600e+00
-1.458297416860475648e+00
-1.384905569884798959e+00
-1.301744197434233419e+00
-1.217380740246964743e+00
-1.141935324653821526e+00
-1.085425638017241567e+00
-1.055593001405805476e+00
-1.055593001405805476e+00
-1.085425638017241567e+00
-1.141935324653821526e+00
-1.217380740246964743e+00
-1.301744197434233419e+00
-1.384905569884798959e+00
-1.458297416860475648e+00
-1.512140098480882600e+00
-1.536197485899354565e+00
-1.519137016054322942e+00
-1.446644593382809818e+00
-1.301435627734508715e+00
-1.063937599359852548e+00
2.099019882552983773e+00
2.080478891467323788e+00
2.025915935306062288e+00
1.946092725650453881e+00
1.849281608987203729e+00
1.741959603215941010e+00
1.629302643991526356e+00
1.515525377442410004e+00
1.404099738884594828e+00
1.297891808758069532e+00
1.199245489913499219e+00
1.110038605793850053e+00
1.031727385794986462e+00
9.653899602011233316e-01
9.117741407471541271e-01
8.713498380664268517e-01
8.443638088938082431e-01
8.308930498301966283e-01
0.000000000000000000e+00
