0.000000000000000000e+00
1.383017875101703487e+00
1.396174485852487157e+00
1.421995825565620430e+00
1.459651351236111116e+00
1.507954411030991926e+00
1.565354227277712340e+00
1.629932163257473476e+00
1.699393317566015416e+00
1.771040746988497672e+00
1.841716883244802094e+00
1.907696061577825564e+00
1.964514686119180009e+00
2.006732666112922558e+00
2.027632719061513100e+00
2.018884552236155816e+00
1.970231730171131623e+00
1.869307961463812395e+00
1.701775885489832607e+00
-1.493998191731040093e+00
4.162422310447582596e+00
3.790841582901865348e+00
3.572203280182563390e+00
3.444190392328832839e+00
3.369634407669953813e+00
3.326510759326262612e+00
3.301785213665926477e+00
3.287751054730192024e+00
3.279873979652982108e+00
3.275525218666585747e+00
3.273233089032081544e+00
3.272239223190800406e+00
3.272239223190800406e+00
3.273233089032081544e+00
3.275525218666585747e+00
3.279873979652982108e+00
3.287751054730192024e+00
3.301785213665926477e+00
3.326510759326262612e+00
3.369634407669953813e+00
3.444190392328832839e+00
3.572203280182563390e+00
3.790841582901865348e+00
4.162422310447582596e+00
-1.493998191731040093e+00
1.701775885489832607e+00
1.869307961463812395e+00
1.970231730171131623e+00
2.018884552236155816e+00
2.027632719061513100e+00
2.006732666112922558e+00
1.964514686119180009e+00
1.907696061577825564e+00
1.841716883244802094e+00
1.771040746988497672e+00
1.699393317566015416e+00
1.629932163257473476e+00
1.565354227277712340e+00
1.507954411030991926e+00
1.459651351236111116e+00
1.421995825565620430e+00
1.396174485852487157e+00
1.383017875101703487e+00
0.000000000000000000e+00
