0.000000000000000000e+00
6.122862768981898185e-01
6.243488137958526085e-01
6.487267690119380426e-01
6.857115049608443202e-01
7.355888410596310711e-01
7.985814814044490673e-01
8.747789675634550788e-01
9.640576455301126391e-01
1.065994633635079847e+00
1.179780816677596933e+00
1.304137799701915679e+00
1.437241943446594616e+00
1.576654787317095519e+00
1.719253514433557672e+00
1.861148221192300722e+00
1.997565346152323729e+00
2.122559256774279035e+00
2.228799493709328949e+00
-9.147470720135182365e-01
-8.952416625706335340e-01
-8.389186628015247171e-01
-7.564678624766499881e-01
-6.646171920336884087e-01
-5.702176764312729684e-01
-4.785386497551990526e-01
-3.935483495352749550e-01
-3.181810992653912873e-01
-2.546164946737459744e-01
-2.045686574260364987e-01
-1.695649544389631336e-01
-1.511807473421364623e-01
-1.511807473421364623e-01
-1.695649544389631336e-01
-2.045686574260364987e-01
-2.546164946737459744e-01
-3.181810992653912873e-01
-3.935483495352749550e-01
-4.785386497551990526e-01
-5.702176764312729684e-01
-6.646171920336884087e-01
-7.564678624766499881e-01
-8.389186628015247171e-01
-8.952416625706335340e-01
-9.147470720135182365e-01
2.228799493709328949e+00
2.122559256774279035e+00
1.997565346152323729e+00
1.861148221192300722e+00
1.719253514433557672e+00
1.576654787317095519e+00
1.437241943446594616e+00
1.304137799701915679e+00
1.179780816677596933e+00
1.065994633635079847e+00
9.640576455301126391e-01
8.747789675634550788e-01
7.985814814044490673e-01
7.355888410596310711e-01
6.857115049608443202e-01
6.487267690119380426e-01
6.243488137958526085e-01
6.122862768981898185e-01
0.000000000000000000e+00
