0.000000000000000000e+00
1.638100270158502791e+00
1.649821997364600668e+00
1.672592299011206984e+00
1.705381069491320289e+00
1.746794469670813310e+00
1.795074407218120838e+00
1.848095292037747805e+00
1.903346585319858342e+00
1.957888569666266010e+00
2.008269655897368722e+00
2.050396733907092539e+00
2.079355662909390112e+00
2.089187106475478117e+00
2.072634436204787267e+00
2.020898604519953512e+00
1.923468389549872093e+00
1.768161886766781876e+00
1.541647628601684916e+00
4.625448214284073600e+00
3.995307808347897449e+00
3.641220147825031894e+00
3.441124098076163929e+00
3.327724472783748055e+00
3.263314546445676978e+00
3.226665295154817148e+00
3.205789844271418332e+00
3.193905438396526186e+00
3.187171840605468542e+00
3.183422087896369490e+00
3.181449950922886405e+00
3.180612191206456885e+00
3.180612191206456885e+00
3.181449950922886405e+00
3.183422087896369490e+00
3.187171840605468542e+00
3.193905438396526186e+00
3.205789844271418332e+00
3.226665295154817148e+00
3.263314546445676978e+00
3.327724472783748055e+00
3.441124098076163929e+00
3.641220147825031894e+00
3.995307808347897449e+00
4.625448214284073600e+00
1.541647628601684916e+00
1.768161886766781876e+00
1.923468389549872093e+00
2.020898604519953512e+00
2.072634436204787267e+00
2.089187106475478117e+00
2.079355662909390112e+00
2.050396733907092539e+00
2.008269655897368722e+00
1.957888569666266010e+00
1.903346585319858342e+00
1.848095292037747805e+00
1.795074407218120838e+00
1.746794469670813310e+00
1.705381069491320289e+00
1.672592299011206984e+00
1.649821997364600668e+00
1.638100270158502791e+00
0.000000000000000000e+00
