0.000000000000000000e+00
2.009069025545702658e+00
2.017695812386462784e+00
2.034145423621380289e+00
2.057284475086358810e+00
2.085644872220481005e+00
2.117415974192765837e+00
2.150425724032557273e+00
2.182101834846593924e+00
2.209404841932199659e+00
2.228726538550247938e+00
2.235749904355817996e+00
2.225270449518909288e+00
2.190985440815999663e+00
2.125270765559627240e+00
2.018994165931606410e+00
1.861475741875399326e+00
1.640830486994586224e+00
1.345140445325810674e+00
4.427372142912925135e+00
3.833096800743066357e+00
3.518690441211928643e+00
3.350181956418353035e+00
3.259388529722023975e+00
3.210289534143270007e+00
3.183654248907898054e+00
3.169166760131017391e+00
3.161276041616981836e+00
3.156989138487166890e+00
3.154693250085852885e+00
3.153526543581728792e+00
3.153043906767538207e+00
3.153043906767538207e+00
3.153526543581728792e+00
3.154693250085852885e+00
3.156989138487166890e+00
3.161276041616981836e+00
3.169166760131017391e+00
3.183654248907898054e+00
3.210289534143270007e+00
3.259388529722023975e+00
3.350181956418353035e+00
3.518690441211928643e+00
3.833096800743066357e+00
4.427372142912925135e+00
1.345140445325810674e+00
1.640830486994586224e+00
1.861475741875399326e+00
2.018994165931606410e+00
2.125270765559627240e+00
2.190985440815999663e+00
2.225270449518909288e+00
2.235749904355817996e+00
2.228726538550247938e+00
2.209404841932199659e+00
2.182101834846593924e+00
2.150425724032557273e+00
2.117415974192765837e+00
2.085644872220481005e+00
2.057284475086358810e+00
2.034145423621380289e+00
2.017695812386462784e+00
2.009069025545702658e+00
0.000000000000000000e+00
