0.000000000000000000e+00
3.464930292033155390e-01
3.530316649894078562e-01
3.664796697625591348e-01
3.874925115241902862e-01
4.170295003054004246e-01
4.563734520372719761e-01
5.071464100769402794e-01
5.713150286764449026e-01
6.511766198914681336e-01
7.493133190064423799e-01
8.684972121453612415e-01
1.011523940877473215e+00
1.180947811846314588e+00
1.378691841226978632e+00
1.605519509042727888e+00
1.860393405600312189e+00
2.139819660060697348e+00
2.437376256044253786e+00
-6.791652334649246336e-01
-4.189168453224425548e-01
-2.552320935244479227e-01
-1.529841831104128691e-01
-8.946814772352250367e-02
-5.020944496869424178e-02
-2.605993202549885743e-02
-1.127742527347747915e-02
-2.281351934397902407e-03
3.143335936121883709e-03
6.349225927611929117e-03
8.138389399110717778e-03
8.947929842657504837e-03
8.947929842657504837e-03
8.138389399110717778e-03
6.349225927611929117e-03
3.143335936121883709e-03
-2.281351934397902407e-03
-1.127742527347747915e-02
-2.605993202549885743e-02
-5.020944496869424178e-02
-8.946814772352250367e-02
-1.529841831104128691e-01
-2.552320935244479227e-01
-4.189168453224425548e-01
-6.791652334649246336e-01
2.437376256044253786e+00
2.139819660060697348e+00
1.860393405600312189e+00
1.605519509042727888e+00
1.378691841226978632e+00
1.180947811846314588e+00
1.011523940877473215e+00
8.684972121453612415e-01
7.493133190064423799e-01
6.511766198914681336e-01
5.713150286764449026e-01
5.071464100769402794e-01
4.563734520372719761e-01
4.170295003054004246e-01
3.874925115241902862e-01
3.664796697625591348e-01
3.530316649894078562e-01
3.464930292033155390e-01
0.000000000000000000e+00
