0.000000000000000000e+00
5.322511147430519785e-01
5.382254721706444256e-01
5.503420173709900887e-01
5.689920467900804191e-01
5.948084379657484488e-01
6.286954554998530620e-01
6.718721814680523874e-01
7.259314297763681534e-01
7.929145743903591725e-01
8.753990476682602662e-01
9.765881460947926085e-01
1.100380014486902702e+00
1.251370718189003250e+00
1.434711238199942951e+00
1.655604419809994621e+00
1.918053377497296319e+00
2.222822940406461001e+00
2.565131763456547365e+00
-5.460758577127947655e-01
-2.833782535828227589e-01
-1.455348690214728069e-01
-7.316493037058764692e-02
-3.519816811316205107e-02
-1.529799481799501253e-02
-4.875499128417987334e-03
5.792811191812103234e-04
3.430987065691479525e-03
4.917226684590389821e-03
5.683543979656298893e-03
6.062987694074017594e-03
6.219953558334442335e-03
6.219953558334442335e-03
6.062987694074017594e-03
5.683543979656298893e-03
4.917226684590389821e-03
3.430987065691479525e-03
5.792811191812103234e-04
-4.875499128417987334e-03
-1.529799481799501253e-02
-3.519816811316205107e-02
-7.316493037058764692e-02
-1.455348690214728069e-01
-2.833782535828227589e-01
-5.460758577127947655e-01
2.565131763456547365e+00
2.222822940406461001e+00
1.918053377497296319e+00
1.655604419809994621e+00
1.434711238199942951e+00
1.251370718189003250e+00
1.100380014486902702e+00
9.765881460947926085e-01
8.753990476682602662e-01
7.929145743903591725e-01
7.259314297763681534e-01
6.718721814680523874e-01
6.286954554998530620e-01
5.948084379657484488e-01
5.689920467900804191e-01
5.503420173709900887e-01
5.382254721706444256e-01
5.322511147430519785e-01
0.000000000000000000e+00
