0.000000000000000000e+00
3.534535060185901578e-01
3.609849466100208959e-01
3.764529365727906085e-01
4.005331886665822183e-01
4.341752472366529059e-01
4.786008217119734898e-01
5.352928068184011900e-01
6.059690887645949875e-01
6.925334737138347796e-01
7.969941132700285591e-01
9.213379695209712450e-01
1.067348971484778808e+00
1.236359194196655409e+00
1.428929366568405079e+00
1.644470862290555502e+00
1.880848746857165965e+00
2.134041948147207712e+00
2.397968277823931516e+00
-7.221997475180383930e-01
-4.807185227997774479e-01
-3.155526994141055752e-01
-2.038100763877321031e-01
-1.288613706886491683e-01
-7.896758899393702125e-02
-4.598493448119165411e-02
-2.433607940387537069e-02
-1.024550821336935730e-02
-1.191188927796762304e-03
4.477527840875464120e-03
7.796726859216180326e-03
9.349200338591360029e-03
9.349200338591360029e-03
7.796726859216180326e-03
4.477527840875464120e-03
-1.191188927796762304e-03
-1.024550821336935730e-02
-2.433607940387537069e-02
-4.598493448119165411e-02
-7.896758899393702125e-02
-1.288613706886491683e-01
-2.038100763877321031e-01
-3.155526994141055752e-01
-4.807185227997774479e-01
-7.221997475180383930e-01
2.397968277823931516e+00
2.134041948147207712e+00
1.880848746857165965e+00
1.644470862290555502e+00
1.428929366568405079e+00
1.236359194196655409e+00
1.067348971484778808e+00
9.213379695209712450e-01
7.969941132700285591e-01
6.925334737138347796e-01
6.059690887645949875e-01
5.352928068184011900e-01
4.786008217119734898e-01
4.341752472366529059e-01
4.005331886665822183e-01
3.764529365727906085e-01
3.609849466100208959e-01
3.534535060185901578e-01
0.000000000000000000e+00
