0.000000000000000000e+00
3.577512717352438476e-01
3.638458419566886759e-01
3.763620714614616669e-01
3.959072423853013944e-01
4.233977639496268042e-01
4.600927824783229703e-01
5.076280954411899193e-01
5.680437630491330658e-01
6.437957387866575232e-01
7.377375175686436970e-01
8.530517462760949243e-01
9.931037420972942398e-01
1.161179858518239794e+00
1.360067598225422225e+00
1.591441395783906865e+00
1.855057173368982681e+00
2.147854314776576068e+00
2.463220014705654215e+00
-6.515425341369688317e-01
-3.850551476781617910e-01
-2.249299730731769420e-01
-1.291806580746083233e-01
-7.216918004548644738e-02
-3.835868043574221925e-02
-1.838544858115155611e-02
-6.633688945862090472e-03
2.479835366844603960e-04
4.247518889022678865e-03
6.532178182367500037e-03
7.771018081691564300e-03
8.320355015037713894e-03
8.320355015037713894e-03
7.771018081691564300e-03
6.532178182367500037e-03
4.247518889022678865e-03
2.479835366844603960e-04
-6.633688945862090472e-03
-1.838544858115155611e-02
-3.835868043574221925e-02
-7.216918004548644738e-02
-1.291806580746083233e-01
-2.249299730731769420e-01
-3.850551476781617910e-01
-6.515425341369688317e-01
2.463220014705654215e+00
2.147854314776576068e+00
1.855057173368982681e+00
1.591441395783906865e+00
1.360067598225422225e+00
1.161179858518239794e+00
9.931037420972942398e-01
8.530517462760949243e-01
7.377375175686436970e-01
6.437957387866575232e-01
5.680437630491330658e-01
5.076280954411899193e-01
4.600927824783229703e-01
4.233977639496268042e-01
3.959072423853013944e-01
3.763620714614616669e-01
3.638458419566886759e-01
3.577512717352438476e-01
0.000000000000000000e+00
