0.000000000000000000e+00
4.047580914321821655e-01
4.105207154652820711e-01
4.222834439893221603e-01
4.405350858857753349e-01
4.660499887627195803e-01
4.999358902983467856e-01
5.436944202217153244e-01
5.992893805295264054e-01
6.692121383914920729e-01
7.565260342570864216e-01
8.648625618880250165e-01
9.983304654406212064e-01
1.161284066652855218e+00
1.357880932179388322e+00
1.591351692916830318e+00
1.862934510877823913e+00
2.170545133015484573e+00
2.507509716422138268e+00
-6.051526617820162102e-01
-3.360322187130440064e-01
-1.845406859575036695e-01
-9.945960999653605250e-02
-5.180850414225408873e-02
-2.519746513145363145e-02
-1.037937795872432775e-02
-2.152736829921562609e-03
2.398494828905030265e-03
4.902276912391045210e-03
6.261001865899911215e-03
6.965913266733801505e-03
7.268808163122587353e-03
7.268808163122587353e-03
6.965913266733801505e-03
6.261001865899911215e-03
4.902276912391045210e-03
2.398494828905030265e-03
-2.152736829921562609e-03
-1.037937795872432775e-02
-2.519746513145363145e-02
-5.180850414225408873e-02
-9.945960999653605250e-02
-1.845406859575036695e-01
-3.360322187130440064e-01
-6.051526617820162102e-01
2.507509716422138268e+00
2.170545133015484573e+00
1.862934510877823913e+00
1.591351692916830318e+00
1.357880932179388322e+00
1.161284066652855218e+00
9.983304654406212064e-01
8.648625618880250165e-01
7.565260342570864216e-01
6.692121383914920729e-01
5.992893805295264054e-01
5.436944202217153244e-01
4.999358902983467856e-01
4.660499887627195803e-01
4.405350858857753349e-01
4.222834439893221603e-01
4.105207154652820711e-01
4.047580914321821655e-01
0.000000000000000000e+00
