0.000000000000000000e+00
3.892432662082833672e-01
3.950426588448104903e-01
4.069005950639209557e-01
4.253361788343968386e-01
4.511637818688113422e-01
4.855399824559958333e-01
5.300193437471347746e-01
5.866127719998111001e-01
6.578375801887166308e-01
7.467424605529484616e-01
8.568827589409501178e-01
9.922108466550572103e-01
1.156832670595801194e+00
1.354567415658050500e+00
1.588243425377545925e+00
1.858696536625696005e+00
2.163551588928314562e+00
2.496099631202542302e+00
-6.170033518927867666e-01
-3.477702903275207702e-01
-1.938443945246658140e-01
-1.060939006153518022e-01
-5.622323083158185797e-02
-2.796885038484867372e-02
-1.201102367987898385e-02
-3.027117753327784443e-03
2.011543171702104109e-03
4.820490741079109728e-03
6.363928743634905856e-03
7.173378767147794294e-03
7.523907742922269527e-03
7.523907742922269527e-03
7.173378767147794294e-03
6.363928743634905856e-03
4.820490741079109728e-03
2.011543171702104109e-03
-3.027117753327784443e-03
-1.201102367987898385e-02
-2.796885038484867372e-02
-5.622323083158185797e-02
-1.060939006153518022e-01
-1.938443945246658140e-01
-3.477702903275207702e-01
-6.170033518927867666e-01
2.496099631202542302e+00
2.163551588928314562e+00
1.858696536625696005e+00
1.588243425377545925e+00
1.354567415658050500e+00
1.156832670595801194e+00
9.922108466550572103e-01
8.568827589409501178e-01
7.467424605529484616e-01
6.578375801887166308e-01
5.866127719998111001e-01
5.300193437471347746e-01
4.855399824559958333e-01
4.511637818688113422e-01
4.253361788343968386e-01
4.069005950639209557e-01
3.950426588448104903e-01
3.892432662082833672e-01
0.000000000000000000e+00
