0.000000000000000000e+00
3.473608718133495143e-01
3.544860000904923591e-01
3.691331522009073662e-01
3.919779765009062111e-01
4.239839558126727304e-01
4.664085763739576063e-01
5.208020967620595743e-01
5.889927684303494226e-01
6.730502369717318301e-01
7.752162393443299271e-01
8.977887984249294240e-01
1.042943615463819862e+00
1.212476010733372078e+00
1.407451953647852028e+00
1.627772763640740861e+00
1.871690723380520449e+00
2.135362940834657941e+00
2.412583832624400237e+00
-7.061072229074726314e-01
-4.561915228492702257e-01
-2.908551104764738882e-01
-1.824786607923088999e-01
-1.119561362854030184e-01
-6.635897874775016636e-02
-3.705470796229455577e-02
-1.833686435839809378e-02
-6.467903626232215063e-03
9.738644739658835342e-04
5.530988187532564701e-03
8.150966038248039225e-03
9.361094594776337915e-03
9.361094594776337915e-03
8.150966038248039225e-03
5.530988187532564701e-03
9.738644739658835342e-04
-6.467903626232215063e-03
-1.833686435839809378e-02
-3.705470796229455577e-02
-6.635897874775016636e-02
-1.119561362854030184e-01
-1.824786607923088999e-01
-2.908551104764738882e-01
-4.561915228492702257e-01
-7.061072229074726314e-01
2.412583832624400237e+00
2.135362940834657941e+00
1.871690723380520449e+00
1.627772763640740861e+00
1.407451953647852028e+00
1.212476010733372078e+00
1.042943615463819862e+00
8.977887984249294240e-01
7.752162393443299271e-01
6.730502369717318301e-01
5.889927684303494226e-01
5.208020967620595743e-01
4.664085763739576063e-01
4.239839558126727304e-01
3.919779765009062111e-01
3.691331522009073662e-01
3.544860000904923591e-01
3.473608718133495143e-01
0.000000000000000000e+00
