0.000000000000000000e+00
4.698037631254702307e-01
4.756238139667173792e-01
4.874503117729039325e-01
5.057005759518020671e-01
5.310482726305716383e-01
5.644622361239128860e-01
6.072607231597452193e-01
6.611823921488837463e-01
7.284732978017963712e-01
8.119848333990274947e-01
9.152638700339773559e-01
1.042582071679791555e+00
1.198812184593657015e+00
1.389035667688878872e+00
1.617762470830054866e+00
1.887676198428113183e+00
2.197946379277775808e+00
2.542466798113794280e+00
-5.691862438187497153e-01
-3.029513166749471242e-01
-1.594948953741275322e-01
-8.225531364241127352e-02
-4.074713056614726048e-02
-1.848889698595956518e-02
-6.579245595972362665e-03
-2.210107455784056818e-04
3.164543103951936599e-03
4.959283765294442495e-03
5.899729199833333299e-03
6.372791381128497731e-03
6.571447024878076387e-03
6.571447024878076387e-03
6.372791381128497731e-03
5.899729199833333299e-03
4.959283765294442495e-03
3.164543103951936599e-03
-2.210107455784056818e-04
-6.579245595972362665e-03
-1.848889698595956518e-02
-4.074713056614726048e-02
-8.225531364241127352e-02
-1.594948953741275322e-01
-3.029513166749471242e-01
-5.691862438187497153e-01
2.542466798113794280e+00
2.197946379277775808e+00
1.887676198428113183e+00
1.617762470830054866e+00
1.389035667688878872e+00
1.198812184593657015e+00
1.042582071679791555e+00
9.152638700339773559e-01
8.119848333990274947e-01
7.284732978017963712e-01
6.611823921488837463e-01
6.072607231597452193e-01
5.644622361239128860e-01
5.310482726305716383e-01
5.057005759518020671e-01
4.874503117729039325e-01
4.756238139667173792e-01
4.698037631254702307e-01
0.000000000000000000e+00
