0.000000000000000000e+00
4.335176248151557665e-01
4.392793443261847619e-01
4.510117693461829780e-01
4.691636957127025553e-01
4.944540453306917605e-01
5.279162944102739896e-01
5.709586531064420045e-01
6.254399348604890996e-01
6.937553044140883918e-01
7.789149004068923743e-01
8.845834210785071816e-01
1.015032478894102974e+00
1.174940403049304694e+00
1.368956629844201744e+00
1.600937636522672625e+00
1.872786838176234481e+00
2.182952841832597191e+00
2.524930155985387614e+00
-5.871718659316228495e-01
-3.190628636483971436e-01
-1.714814860070347502e-01
-9.036742914587765629e-02
-4.588958177788295817e-02
-2.156269597280790346e-02
-8.291567176266056993e-03
-1.070987480867092913e-03
2.845371922809823532e-03
4.958900912653068163e-03
6.085263437783000433e-03
6.660434533767053793e-03
6.904742977098752774e-03
6.904742977098752774e-03
6.660434533767053793e-03
6.085263437783000433e-03
4.958900912653068163e-03
2.845371922809823532e-03
-1.070987480867092913e-03
-8.291567176266056993e-03
-2.156269597280790346e-02
-4.588958177788295817e-02
-9.036742914587765629e-02
-1.714814860070347502e-01
-3.190628636483971436e-01
-5.871718659316228495e-01
2.524930155985387614e+00
2.182952841832597191e+00
1.872786838176234481e+00
1.600937636522672625e+00
1.368956629844201744e+00
1.174940403049304694e+00
1.015032478894102974e+00
8.845834210785071816e-01
7.789149004068923743e-01
6.937553044140883918e-01
6.254399348604890996e-01
5.709586531064420045e-01
5.279162944102739896e-01
4.944540453306917605e-01
4.691636957127025553e-01
4.510117693461829780e-01
4.392793443261847619e-01
4.335176248151557665e-01
0.000000000000000000e+00
