0.000000000000000000e+00
4.988218963271907613e-01
5.047095678986923684e-01
5.166601176785933225e-01
5.350754033067278703e-01
5.606057262347079462e-01
5.941842499543862344e-01
6.370762112012203771e-01
6.909445315961239009e-01
7.579316787507721642e-01
8.407537507592111048e-01
9.427951255848339152e-01
1.068177868247202955e+00
1.221734514533389104e+00
1.408719423266326487e+00
1.634067136429896649e+00
1.901080332613008572e+00
2.209592817401938358e+00
2.553990943791176527e+00
-5.574177421053040371e-01
-2.928148061615785114e-01
-1.521642768115488709e-01
-7.741828718397462950e-02
-3.775550744335282732e-02
-1.674562805126726672e-02
-5.635499476679775924e-03
2.295016918829420897e-04
3.319140032784786976e-03
4.940416781704148018e-03
5.781805428076492760e-03
6.201270555871181596e-03
6.376095692834751402e-03
6.376095692834751402e-03
6.201270555871181596e-03
5.781805428076492760e-03
4.940416781704148018e-03
3.319140032784786976e-03
2.295016918829420897e-04
-5.635499476679775924e-03
-1.674562805126726672e-02
-3.775550744335282732e-02
-7.741828718397462950e-02
-1.521642768115488709e-01
-2.928148061615785114e-01
-5.574177421053040371e-01
2.553990943791176527e+00
2.209592817401938358e+00
1.901080332613008572e+00
1.634067136429896649e+00
1.408719423266326487e+00
1.221734514533389104e+00
1.068177868247202955e+00
9.427951255848339152e-01
8.407537507592111048e-01
7.579316787507721642e-01
6.909445315961239009e-01
6.370762112012203771e-01
5.941842499543862344e-01
5.606057262347079462e-01
5.350754033067278703e-01
5.166601176785933225e-01
5.047095678986923684e-01
4.988218963271907613e-01
0.000000000000000000e+00
