0.000000000000000000e+00
7.221831566054407459e-01
7.351009098038154832e-01
7.610886079738167220e-01
8.002518617782428123e-01
8.526010515325798123e-01
9.179927532060905282e-01
9.960643353581032367e-01
1.086165856219017511e+00
1.187293664338336718e+00
1.298029106327726501e+00
1.416483070133986999e+00
1.540239224517563787e+00
1.666286705611411234e+00
1.790929405250248241e+00
1.909637099796562820e+00
2.016823084715004377e+00
2.105518308037630959e+00
2.166832351622743236e+00
-9.861913593125762878e-01
-1.088662123696296335e+00
-1.126602584132500029e+00
-1.115210260234952955e+00
-1.066703877708319315e+00
-9.928126912119479286e-01
-9.014333231907449839e-01
-8.032306379331353163e-01
-7.021442890165745521e-01
-6.113400125783676753e-01
-5.360860510694892556e-01
-4.814994264321264539e-01
-4.522761589822045791e-01
-4.522761589822045791e-01
-4.814994264321264539e-01
-5.360860510694892556e-01
-6.113400125783676753e-01
-7.021442890165745521e-01
-8.032306379331353163e-01
-9.014333231907449839e-01
-9.928126912119479286e-01
-1.066703877708319315e+00
-1.115210260234952955e+00
-1.126602584132500029e+00
-1.088662123696296335e+00
-9.861913593125762878e-01
2.166832351622743236e+00
2.105518308037630959e+00
2.016823084715004377e+00
1.909637099796562820e+00
1.790929405250248241e+00
1.666286705611411234e+00
1.540239224517563787e+00
1.416483070133986999e+00
1.298029106327726501e+00
1.187293664338336718e+00
1.086165856219017511e+00
9.960643353581032367e-01
9.179927532060905282e-01
8.526010515325798123e-01
8.002518617782428123e-01
7.610886079738167220e-01
7.351009098038154832e-01
7.221831566054407459e-01
0.000000000000000000e+00
