0.000000000000000000e+00
2.060550570923514790e+00
2.068673779538255708e+00
2.084112248488638741e+00
2.105735172842817526e+00
2.132082845642702118e+00
2.161356847881225285e+00
2.191398383921005610e+00
2.219646342559263630e+00
2.243067351230766615e+00
2.258051634714573819e+00
2.260270843349789338e+00
2.244497661118288079e+00
2.204393711604538453e+00
2.132286529744198855e+00
2.018987886772327656e+00
1.853773243017929895e+00
1.624775200907820460e+00
1.320267738893071474e+00
4.402432010942310292e+00
3.814303519135266107e+00
3.505538644575473484e+00
3.341236504837217680e+00
3.253335075009497590e+00
3.206136606913554399e+00
3.180714252388139318e+00
3.166984738469620364e+00
3.159559488623318924e+00
3.155553036786041154e+00
3.153420981825236336e+00
3.152343368457001471e+00
3.151899243264042916e+00
3.151899243264042916e+00
3.152343368457001471e+00
3.153420981825236336e+00
3.155553036786041154e+00
3.159559488623318924e+00
3.166984738469620364e+00
3.180714252388139318e+00
3.206136606913554399e+00
3.253335075009497590e+00
3.341236504837217680e+00
3.505538644575473484e+00
3.814303519135266107e+00
4.402432010942310292e+00
1.320267738893071474e+00
1.624775200907820460e+00
1.853773243017929895e+00
2.018987886772327656e+00
2.132286529744198855e+00
2.204393711604538453e+00
2.244497661118288079e+00
2.260270843349789338e+00
2.258051634714573819e+00
2.243067351230766615e+00
2.219646342559263630e+00
2.191398383921005610e+00
2.161356847881225285e+00
2.132082845642702118e+00
2.105735172842817526e+00
2.084112248488638741e+00
2.068673779538255708e+00
2.060550570923514790e+00
0.000000000000000000e+00
