0.000000000000000000e+00
7.475113045998205141e-01
7.605815920876061176e-01
7.868497973736591211e-01
8.263786238387450522e-01
8.791169124699179660e-01
9.448418459729529539e-01
1.023095656165620149e+00
1.113121049826347964e+00
1.213799511760767835e+00
1.323595193356752908e+00
1.440502218032142068e+00
1.561989433831640905e+00
1.684932606216567708e+00
1.805510826567283011e+00
1.919047020597933084e+00
2.019766830494776677e+00
2.100407983776884535e+00
2.151674888510877626e+00
-1.003631302775226608e+00
-1.136671714477664796e+00
-1.199200587376373361e+00
-1.206566937999359324e+00
-1.172616055352690534e+00
-1.108167955102382196e+00
-1.023899064588589924e+00
-9.271305151699632541e-01
-8.284334985974314280e-01
-7.320286974952967540e-01
-6.516212852855230997e-01
-5.930273910253245351e-01
-5.616182729938613560e-01
-5.616182729938613560e-01
-5.930273910253245351e-01
-6.516212852855230997e-01
-7.320286974952967540e-01
-8.284334985974314280e-01
-9.271305151699632541e-01
-1.023899064588589924e+00
-1.108167955102382196e+00
-1.172616055352690534e+00
-1.206566937999359324e+00
-1.199200587376373361e+00
-1.136671714477664796e+00
-1.003631302775226608e+00
2.151674888510877626e+00
2.100407983776884535e+00
2.019766830494776677e+00
1.919047020597933084e+00
1.805510826567283011e+00
1.684932606216567708e+00
1.561989433831640905e+00
1.440502218032142068e+00
1.323595193356752908e+00
1.213799511760767835e+00
1.113121049826347964e+00
1.023095656165620149e+00
9.448418459729529539e-01
8.791169124699179660e-01
8.263786238387450522e-01
7.868497973736591211e-01
7.605815920876061176e-01
7.475113045998205141e-01
0.000000000000000000e+00
