0.000000000000000000e+00
1.432294784519700714e+00
1.445226626932349712e+00
1.470558550395361541e+00
1.507413272165131213e+00
1.554553212831657039e+00
1.610374954863057262e+00
1.672906796948379293e+00
1.739799564047046276e+00
1.808297519237213713e+00
1.875174249352858258e+00
1.936618776491427774e+00
1.988060876517201203e+00
2.023932612033949141e+00
2.037376355062265443e+00
2.019929461492687484e+00
1.961245782996490217e+00
1.848964206175027547e+00
1.668927113196980283e+00
-1.527845530001691099e+00
4.124023135687751918e+00
3.754095694898967661e+00
3.538205318656136633e+00
3.412529096324570244e+00
3.339568287001357660e+00
3.297370372500395330e+00
3.273087789600254816e+00
3.259202982855202713e+00
3.251331542940890884e+00
3.246944168222217986e+00
3.244621250763347398e+00
3.243618457207526617e+00
3.243618457207526617e+00
3.244621250763347398e+00
3.246944168222217986e+00
3.251331542940890884e+00
3.259202982855202713e+00
3.273087789600254816e+00
3.297370372500395330e+00
3.339568287001357660e+00
3.412529096324570244e+00
3.538205318656136633e+00
3.754095694898967661e+00
4.124023135687751918e+00
-1.527845530001691099e+00
1.668927113196980283e+00
1.848964206175027547e+00
1.961245782996490217e+00
2.019929461492687484e+00
2.037376355062265443e+00
2.023932612033949141e+00
1.988060876517201203e+00
1.936618776491427774e+00
1.875174249352858258e+00
1.808297519237213713e+00
1.739799564047046276e+00
1.672906796948379293e+00
1.610374954863057262e+00
1.554553212831657039e+00
1.507413272165131213e+00
1.470558550395361541e+00
1.445226626932349712e+00
1.432294784519700714e+00
0.000000000000000000e+00
