0.000000000000000000e+00
3.494857398692235440e-01
3.558275071286683966e-01
3.688664285558510003e-01
3.892421628919882637e-01
4.179017932328525919e-01
4.561250565675117885e-01
5.055471753984857042e-01
5.681728162749118960e-01
6.463719253195501224e-01
7.428443241673630126e-01
8.605347265724392347e-01
1.002473398531229742e+00
1.171511395948702461e+00
1.369917285344000923e+00
1.598813473358456028e+00
1.857469638844502668e+00
2.142553611839334238e+00
2.447561007855075577e+00
-6.682251870759919887e-01
-4.050192632602598319e-01
-2.425560002236998025e-01
-1.428766171025345477e-01
-8.202327919678473189e-02
-4.504223469122349555e-02
-2.266721900828520472e-02
-9.190468066186641485e-03
-1.116686754835086344e-03
3.679429330727540959e-03
6.475061225437128871e-03
8.017228133740854704e-03
8.709366142398502347e-03
8.709366142398502347e-03
8.017228133740854704e-03
6.475061225437128871e-03
3.679429330727540959e-03
-1.116686754835086344e-03
-9.190468066186641485e-03
-2.266721900828520472e-02
-4.504223469122349555e-02
-8.202327919678473189e-02
-1.428766171025345477e-01
-2.425560002236998025e-01
-4.050192632602598319e-01
-6.682251870759919887e-01
2.447561007855075577e+00
2.142553611839334238e+00
1.857469638844502668e+00
1.598813473358456028e+00
1.369917285344000923e+00
1.171511395948702461e+00
1.002473398531229742e+00
8.605347265724392347e-01
7.428443241673630126e-01
6.463719253195501224e-01
5.681728162749118960e-01
5.055471753984857042e-01
4.561250565675117885e-01
4.179017932328525919e-01
3.892421628919882637e-01
3.688664285558510003e-01
3.558275071286683966e-01
3.494857398692235440e-01
0.000000000000000000e+00
