0.000000000000000000e+00
3.763638546806492013e-01
3.822306341590399059e-01
3.942463767468160074e-01
4.129614689324588861e-01
4.392290347628778902e-01
4.742485807964613165e-01
5.196150066311405746e-01
5.773663218869620195e-01
6.500195798653948254e-01
7.405794108673019460e-01
8.524964409004140986e-01
9.895430907517674957e-01
1.155561910952343396e+00
1.354030008235457050e+00
1.587383108256706254e+00
1.856078649073116926e+00
2.157486716426620710e+00
2.484904135567099104e+00
-6.286951600168786403e-01
-3.598432966934224098e-01
-2.036516464661400905e-01
-1.132263248613786522e-01
-6.105542689372030207e-02
-3.105705966116786149e-02
-1.386561468016395300e-02
-4.047534169890907967e-03
1.536809725331029271e-03
4.692524881159736323e-03
6.448680645316237983e-03
7.379855206555540302e-03
7.786268489847852220e-03
7.786268489847852220e-03
7.379855206555540302e-03
6.448680645316237983e-03
4.692524881159736323e-03
1.536809725331029271e-03
-4.047534169890907967e-03
-1.386561468016395300e-02
-3.105705966116786149e-02
-6.105542689372030207e-02
-1.132263248613786522e-01
-2.036516464661400905e-01
-3.598432966934224098e-01
-6.286951600168786403e-01
2.484904135567099104e+00
2.157486716426620710e+00
1.856078649073116926e+00
1.587383108256706254e+00
1.354030008235457050e+00
1.155561910952343396e+00
9.895430907517674957e-01
8.524964409004140986e-01
7.405794108673019460e-01
6.500195798653948254e-01
5.773663218869620195e-01
5.196150066311405746e-01
4.742485807964613165e-01
4.392290347628778902e-01
4.129614689324588861e-01
3.942463767468160074e-01
3.822306341590399059e-01
3.763638546806492013e-01
0.000000000000000000e+00
