0.000000000000000000e+00
9.261123384853167106e-01
9.398694649712956428e-01
9.673309598494104211e-01
1.008265504265632551e+00
1.062218118367582287e+00
1.128464077288125589e+00
1.205965172939593710e+00
1.293330673247313545e+00
1.388782854194388738e+00
1.490123083820972472e+00
1.594688932307459561e+00
1.699286774869437133e+00
1.800077810028207548e+00
1.892390444100696012e+00
1.970427169927277955e+00
2.026834970190573237e+00
2.052114319353261163e+00
2.033875095102800401e+00
-1.137712611047728917e+00
-1.492492339348367558e+00
4.558164789080023205e+00
4.419437058197616786e+00
4.349263388340041558e+00
4.327936034529703768e+00
4.340583538350442971e+00
4.375525162136805868e+00
4.422758898941170358e+00
4.473068578674211260e+00
4.517968453537672069e+00
4.550522309702627055e+00
4.566733825634431199e+00
4.566733825634431199e+00
4.550522309702627055e+00
4.517968453537672069e+00
4.473068578674211260e+00
4.422758898941170358e+00
4.375525162136805868e+00
4.340583538350442971e+00
4.327936034529703768e+00
4.349263388340041558e+00
4.419437058197616786e+00
4.558164789080023205e+00
-1.492492339348367558e+00
-1.137712611047728917e+00
2.033875095102800401e+00
2.052114319353261163e+00
2.026834970190573237e+00
1.970427169927277955e+00
1.892390444100696012e+00
1.800077810028207548e+00
1.699286774869437133e+00
1.594688932307459561e+00
1.490123083820972472e+00
1.388782854194388738e+00
1.293330673247313545e+00
1.205965172939593710e+00
1.128464077288125589e+00
1.062218118367582287e+00
1.008265504265632551e+00
9.673309598494104211e-01
9.398694649712956428e-01
9.261123384853167106e-01
0.000000000000000000e+00
