0.000000000000000000e+00
6.980237616056144123e-01
7.107814556603083700e-01
7.364720620240049476e-01
7.752421904125679220e-01
8.271617159280746368e-01
8.921647645298547147e-01
9.699825854669804626e-01
1.060072269478830709e+00
1.161545848511174261e+00
1.273103750645104615e+00
1.392974414518706627e+00
1.518857879131979560e+00
1.647858719781727155e+00
1.776398008680203144e+00
1.900089482921540673e+00
2.013525027245606225e+00
2.109974951452545877e+00
2.180959230418569206e+00
-9.699357507506352061e-01
-1.043822475846956532e+00
-1.059408333715447403e+00
-1.030448318898239179e+00
-9.700710821984790400e-01
-8.871863583395015462e-01
-7.930096311635332906e-01
-6.916269507824924778e-01
-5.959776114854414830e-01
-5.108935953006106256e-01
-4.409848635108311599e-01
-3.905861885610166784e-01
-3.636773465836807273e-01
-3.636773465836807273e-01
-3.905861885610166784e-01
-4.409848635108311599e-01
-5.108935953006106256e-01
-5.959776114854414830e-01
-6.916269507824924778e-01
-7.930096311635332906e-01
-8.871863583395015462e-01
-9.700710821984790400e-01
-1.030448318898239179e+00
-1.059408333715447403e+00
-1.043822475846956532e+00
-9.699357507506352061e-01
2.180959230418569206e+00
2.109974951452545877e+00
2.013525027245606225e+00
1.900089482921540673e+00
1.776398008680203144e+00
1.647858719781727155e+00
1.518857879131979560e+00
1.392974414518706627e+00
1.273103750645104615e+00
1.161545848511174261e+00
1.060072269478830709e+00
9.699825854669804626e-01
8.921647645298547147e-01
8.271617159280746368e-01
7.752421904125679220e-01
7.364720620240049476e-01
7.107814556603083700e-01
6.980237616056144123e-01
0.000000000000000000e+00
