0.000000000000000000e+00
3.462532609727860256e-01
3.532514161399434860e-01
3.676407018969892748e-01
3.900948177874561940e-01
4.215792470381063417e-01
4.633600759270987690e-01
5.170060748414480045e-01
5.843778308316778247e-01
6.675954923613948155e-01
7.689738703761975769e-01
8.909103718513927683e-01
1.035708181496072466e+00
1.205315992491018173e+00
1.400969990520327668e+00
1.622739601773028451e+00
1.869012662560456395e+00
2.136010461395588589e+00
2.417484352191540342e+00
-7.007462635679161389e-01
-4.484082275243095328e-01
-2.832237571430021861e-01
-1.760298498290508162e-01
-1.069474476651295636e-01
-6.269674977601756571e-02
-3.451430450156484780e-02
-1.667036057224192611e-02
-5.450750896356023993e-03
1.527918664809504610e-03
5.770618099084528704e-03
8.195191696935688955e-03
9.310424134882300945e-03
9.310424134882300945e-03
8.195191696935688955e-03
5.770618099084528704e-03
1.527918664809504610e-03
-5.450750896356023993e-03
-1.667036057224192611e-02
-3.451430450156484780e-02
-6.269674977601756571e-02
-1.069474476651295636e-01
-1.760298498290508162e-01
-2.832237571430021861e-01
-4.484082275243095328e-01
-7.007462635679161389e-01
2.417484352191540342e+00
2.136010461395588589e+00
1.869012662560456395e+00
1.622739601773028451e+00
1.400969990520327668e+00
1.205315992491018173e+00
1.035708181496072466e+00
8.909103718513927683e-01
7.689738703761975769e-01
6.675954923613948155e-01
5.843778308316778247e-01
5.170060748414480045e-01
4.633600759270987690e-01
4.215792470381063417e-01
3.900948177874561940e-01
3.676407018969892748e-01
3.532514161399434860e-01
3.462532609727860256e-01
0.000000000000000000e+00
