0.000000000000000000e+00
5.267902705741205338e-01
5.379202343685585141e-01
5.605023088699988554e-01
5.949683312173007499e-01
6.418234964719539137e-01
7.015956877824821580e-01
7.747696534589131323e-01
8.617061617247354643e-01
9.625477573176287605e-01
1.077112889482926494e+00
1.204782946369202579e+00
1.344389863431798782e+00
1.494112343789673725e+00
1.651385460434465990e+00
1.812822321022698802e+00
1.974138816628246307e+00
2.130064213606015944e+00
2.274211825731193848e+00
-8.623916610514134051e-01
-7.586380156442128486e-01
-6.493839567800873125e-01
-5.422938135270507498e-01
-4.424128468165646200e-01
-3.527401064421996635e-01
-2.747511228429845853e-01
-2.088658149416717513e-01
-1.548548870984417236e-01
-1.121821883057779329e-01
-8.028671307476485663e-02
-5.881216488065136444e-02
-4.779195358160358287e-02
-4.779195358160358287e-02
-5.881216488065136444e-02
-8.028671307476485663e-02
-1.121821883057779329e-01
-1.548548870984417236e-01
-2.088658149416717513e-01
-2.747511228429845853e-01
-3.527401064421996635e-01
-4.424128468165646200e-01
-5.422938135270507498e-01
-6.493839567800873125e-01
-7.586380156442128486e-01
-8.623916610514134051e-01
2.274211825731193848e+00
2.130064213606015944e+00
1.974138816628246307e+00
1.812822321022698802e+00
1.651385460434465990e+00
1.494112343789673725e+00
1.344389863431798782e+00
1.204782946369202579e+00
1.077112889482926494e+00
9.625477573176287605e-01
8.617061617247354643e-01
7.747696534589131323e-01
7.015956877824821580e-01
6.418234964719539137e-01
5.949683312173007499e-01
5.605023088699988554e-01
5.379202343685585141e-01
5.267902705741205338e-01
0.000000000000000000e+00
